time,steer,desired_speed,lidar_0,lidar_1,lidar_2,lidar_3,lidar_4,lidar_5,lidar_6,lidar_7,lidar_8,lidar_9,lidar_10,lidar_11,lidar_12,lidar_13,lidar_14,lidar_15,lidar_16,lidar_17,lidar_18,lidar_19,lidar_20,lidar_21,lidar_22,lidar_23,lidar_24,lidar_25,lidar_26,lidar_27,lidar_28,lidar_29,lidar_30,lidar_31,lidar_32,lidar_33,lidar_34,lidar_35,lidar_36,lidar_37,lidar_38,lidar_39,lidar_40,lidar_41,lidar_42,lidar_43,lidar_44,lidar_45,lidar_46,lidar_47,lidar_48,lidar_49,lidar_50,lidar_51,lidar_52,lidar_53,lidar_54,lidar_55,lidar_56,lidar_57,lidar_58,lidar_59,lidar_60,lidar_61,lidar_62,lidar_63,lidar_64,lidar_65,lidar_66,lidar_67,lidar_68,lidar_69,lidar_70,lidar_71,lidar_72,lidar_73,lidar_74,lidar_75,lidar_76,lidar_77,lidar_78,lidar_79,lidar_80,lidar_81,lidar_82,lidar_83,lidar_84,lidar_85,lidar_86,lidar_87,lidar_88,lidar_89,lidar_90,lidar_91,lidar_92,lidar_93,lidar_94,lidar_95,lidar_96,lidar_97,lidar_98,lidar_99,lidar_100,lidar_101,lidar_102,lidar_103,lidar_104,lidar_105,lidar_106,lidar_107,lidar_108,lidar_109,lidar_110,lidar_111,lidar_112,lidar_113,lidar_114,lidar_115,lidar_116,lidar_117,lidar_118,lidar_119,lidar_120,lidar_121,lidar_122,lidar_123,lidar_124,lidar_125,lidar_126,lidar_127,lidar_128,lidar_129,lidar_130,lidar_131,lidar_132,lidar_133,lidar_134,lidar_135,lidar_136,lidar_137,lidar_138,lidar_139,lidar_140,lidar_141,lidar_142,lidar_143,lidar_144,lidar_145,lidar_146,lidar_147,lidar_148,lidar_149,lidar_150,lidar_151,lidar_152,lidar_153,lidar_154,lidar_155,lidar_156,lidar_157,lidar_158,lidar_159,lidar_160,lidar_161,lidar_162,lidar_163,lidar_164,lidar_165,lidar_166,lidar_167,lidar_168,lidar_169,lidar_170,lidar_171,lidar_172,lidar_173,lidar_174,lidar_175,lidar_176,lidar_177,lidar_178,lidar_179,lidar_180,lidar_181,lidar_182,lidar_183,lidar_184,lidar_185,lidar_186,lidar_187,lidar_188,lidar_189,lidar_190,lidar_191,lidar_192,lidar_193,lidar_194,lidar_195,lidar_196,lidar_197,lidar_198,lidar_199,lidar_200,lidar_201,lidar_202,lidar_203,lidar_204,lidar_205,lidar_206,lidar_207,lidar_208,lidar_209,lidar_210,lidar_211,lidar_212,lidar_213,lidar_214,lidar_215,lidar_216,lidar_217,lidar_218,lidar_219,lidar_220,lidar_221,lidar_222,lidar_223,lidar_224,lidar_225,lidar_226,lidar_227,lidar_228,lidar_229,lidar_230,lidar_231,lidar_232,lidar_233,lidar_234,lidar_235,lidar_236,lidar_237,lidar_238,lidar_239,lidar_240,lidar_241,lidar_242,lidar_243,lidar_244,lidar_245,lidar_246,lidar_247,lidar_248,lidar_249,lidar_250,lidar_251,lidar_252,lidar_253,lidar_254,lidar_255,lidar_256,lidar_257,lidar_258,lidar_259,lidar_260,lidar_261,lidar_262,lidar_263,lidar_264,lidar_265,lidar_266,lidar_267,lidar_268,lidar_269,lidar_270,lidar_271,lidar_272,lidar_273,lidar_274,lidar_275,lidar_276,lidar_277,lidar_278,lidar_279,lidar_280,lidar_281,lidar_282,lidar_283,lidar_284,lidar_285,lidar_286,lidar_287,lidar_288,lidar_289,lidar_290,lidar_291,lidar_292,lidar_293,lidar_294,lidar_295,lidar_296,lidar_297,lidar_298,lidar_299,lidar_300,lidar_301,lidar_302,lidar_303,lidar_304,lidar_305,lidar_306,lidar_307,lidar_308,lidar_309,lidar_310,lidar_311,lidar_312,lidar_313,lidar_314,lidar_315,lidar_316,lidar_317,lidar_318,lidar_319,lidar_320,lidar_321,lidar_322,lidar_323,lidar_324,lidar_325,lidar_326,lidar_327,lidar_328,lidar_329,lidar_330,lidar_331,lidar_332,lidar_333,lidar_334,lidar_335,lidar_336,lidar_337,lidar_338,lidar_339,lidar_340,lidar_341,lidar_342,lidar_343,lidar_344,lidar_345,lidar_346,lidar_347,lidar_348,lidar_349,lidar_350,lidar_351,lidar_352,lidar_353,lidar_354,lidar_355,lidar_356,lidar_357,lidar_358,lidar_359
0.1,-0.009108006996218762,2.0,15.003725965486703,15.16930865095865,15.36941300928636,15.494273792146817,15.631193118725893,15.767324736916413,15.82797429733926,15.91122159745505,11.806031117680709,10.345748284381006,9.378680526554605,8.44637864434619,7.66968888542219,7.136772532440576,6.570557820629147,6.185372187673959,5.799218223687162,5.484250247963874,5.125344775114767,4.884509216884779,4.63060009559096,4.415672012464692,4.242032777773824,4.042125985169742,3.9065228201014937,3.7473136106329195,3.619781262102546,3.486805070320154,3.373147745982058,3.2543997725887177,3.1736441204786034,3.0871339502014647,2.98328055225322,2.9003919075984834,2.8132603911404264,2.777355762625006,2.699403330705626,2.63052108400743,2.564200892488715,2.5024336213079965,2.4778557499682585,2.3968528933510913,2.372418850241736,2.3203677382113295,2.2731842280782217,2.2441930022969765,2.2010410420938253,2.1585424970831375,2.137185757451779,2.113674030179876,2.0587650088861573,2.023772545458339,1.9938252249305184,1.9682129381737143,1.949044567661788,1.9309040302438802,1.9047478131686346,1.8682362234503676,1.8712200970606732,1.8222983966164628,1.823098547996367,1.8097931916941685,1.791148493530242,1.7769850270799414,1.7409423354703053,1.752687215232482,1.7154394300211928,1.7136215378974677,1.7055624378963958,1.6887397059050668,1.6830059788872922,1.6550305118549737,1.6725217722715895,1.6478388121253742,1.638913833916642,1.6164949588642359,1.6119647711733591,1.6209585050678144,1.589939890036973,1.5950618070912876,1.5972859050780452,1.597038458741773,1.574941535751838,1.5733820019140894,1.5864931637236805,1.5786819550140647,1.5775684022442307,1.597164667450734,1.5656108691828374,1.5716724911360276,1.5840715781011507,1.5831134561718903,1.5796107969104143,1.5773089953552737,1.6009521952867491,1.563101336377944,1.560978042857044,1.577850695018763,1.5732514924146537,1.596377387622075,1.6025848256301554,1.6002458090841285,1.5812450205157278,1.6190971163943264,1.6262239302541914,1.612514414815609,1.6355267535871147,1.6429976431905495,1.6517101490818331,1.6508433573184755,1.6643045037055602,1.6709254539850287,1.6997698780907802,1.6954950494600507,1.7285207380774574,1.7265262130537373,1.734537840841117,1.7469358825134331,1.7696927394346225,1.7960600502217678,1.8329333948636517,1.8133221784660745,1.834224005777936,1.8565502497704554,1.868011193773625,1.8907416235847359,1.919324375719137,1.9767599255422343,1.9725996494825166,2.018601911164162,2.0192457240821677,2.0758588240064295,2.1042079946023344,2.1619889500089884,2.143237580506531,2.198838653652818,2.2472591837350864,2.2835549122349983,2.3319205195802106,2.37435181297646,2.416242198128304,2.4755112997642885,2.5365471178498704,2.581737953184309,2.6636332696508176,2.7136663680038624,2.7832520238051606,2.8570751668325385,2.924145824777445,3.023319331414552,3.094583201056553,3.2087725837728556,3.3039670571040767,3.4394815087578077,3.5642284700685667,3.680497588808519,3.8286547361173806,3.9547413867996584,4.130844446528485,4.31132091078723,4.536885535063981,8.621367305520176,8.605980392140191,8.571659177746689,8.518975806174513,8.457590750401105,8.452225527017855,8.397707867055948,8.31559265081779,8.261509889571604,8.21079042447658,8.14569883921649,8.085172937091173,7.9908089994641625,7.937172612618738,7.863367914648577,7.76618768630447,7.699857533453275,7.5974315356559305,3.6720594487306473,3.6765688395166998,3.682212757429749,3.6889998850817562,3.6969407061230157,7.025980169048983,6.911811073786587,6.816686579996185,6.683892265550416,6.556261474058425,6.393307807174077,6.307922855649715,6.201466650464621,6.025913216925902,5.891105198455775,5.771772232919442,5.624452324439116,5.451292074742218,5.292878267398944,5.104225503789566,4.969141205848714,4.790820046089087,4.55360354069409,4.375065447806137,4.182135837382091,4.019328107344415,3.869819742921217,3.7119034069421977,3.61471988923586,3.491762685554925,3.3923138985738976,3.2622838517615595,3.162765455973953,3.0916494086048774,3.004569757004589,2.92906570972003,2.8347033440650065,2.770593871706232,2.71187264225148,2.660120860989874,2.5769676236593377,2.5343144127891852,2.4591071555965867,2.4294686704245385,2.4044817594322603,2.3393495188310047,2.3102527931395747,2.260028904480454,2.219855694658847,2.1884923915892105,2.1453403010147998,2.1268429314106077,2.0910934648251454,2.062755394045156,2.0464658881515922,2.0235092228495533,1.975277064965052,1.956824867891608,1.9332244935041736,1.9059825960706873,1.9084693811222138,1.8882700355847364,1.8660101866217844,1.845475149573446,1.8288357516160172,1.81929243633407,1.8021223181852026,1.7907586087093443,1.7809070600776458,1.769932611809249,1.7482410945671574,1.7515212070736623,1.72802764699527,1.7384083504615802,1.696148663316937,1.6968037510581058,1.697779650961752,1.6739967999126613,1.6776479165674316,1.6493575313348114,1.6614506713678494,1.675184725342295,1.6533201586834831,1.6243520344701647,1.6556506627801713,1.6395551941369073,1.6439742637856152,1.6259821643192762,1.640672652231011,1.60972903221906,1.6319562559633587,1.6378404975955945,1.613629102677128,1.6205516183970614,1.6304447538575733,1.6323376478391067,1.6345804262151686,1.6368105290889516,1.6492224819842956,1.6484809482181593,1.6445847733300847,1.668200290127644,1.6559296397137055,1.6712584670281716,1.6654204545421176,1.7029183113913278,1.6947129059426966,1.6908121868687307,1.6997008129641382,1.7012256634989484,1.7242184086233168,1.7255900202230048,1.7193527021065134,1.761107005649908,1.76941178828666,1.7890732835738055,1.7910125613612484,1.8041285956658468,1.8073650572894033,1.841510681348257,1.8377281529200187,1.887815185452052,1.890754298232385,1.910121469734949,1.9479933501720834,1.9609941953587082,1.9924796615662541,2.004285072764808,2.0170295770276794,2.0667221667920974,2.0906799455819245,2.1006218613799508,2.1411197148962033,2.1787484619951107,2.210966798463857,2.2664062948591797,2.2785072701950284,2.320288035875452,2.3693359288955387,2.417094194193616,2.4532764127329485,2.5405478315834427,2.566885497208944,2.6192543247795363,2.6929759120124657,2.749940338519828,2.804609622445299,2.8672988740526852,2.9817731422944576,3.038188511541052,3.122721509162683,3.221127223759134,3.3214412566240332,3.4433578999687935,3.552006684392836,3.6503599717789057,3.7662799336257873,3.938950045723986,4.0831050291645585,4.278635361136073,4.479741628229757,4.672234126799058,4.89361020063495,5.166059712941858,5.4584119686719355,5.766324317152483,6.162734210878626,6.556434559031422,7.080123653846501,7.657147185338648,8.256401937435092,9.11339512681736,10.011928121778572,11.30858428624547,12.459186366725632,13.170914316283154,13.532676932713773,13.947836936675326,14.295914332142893,14.540702194311404,14.822982763913787
0.2,0.009767944557620273,2.0,15.034148798819139,15.218433698893977,15.418888092619682,15.547202359982451,15.677818829263757,15.828914892722997,15.886285001152437,15.984138941819435,12.085131647169641,10.55510789060786,9.569916242907707,8.572156294811013,7.922874191809057,7.233419218071467,6.657255627853671,6.2643436613469845,5.833967432495315,5.534425965485753,5.198456645750905,4.958322748506169,4.695905901837953,4.487395184900281,4.264710132804309,4.077722913870977,3.943490830265684,3.759544403420105,3.6568119963961605,3.489712512140106,3.4098607122992814,3.2761901415794776,3.1711309912891146,3.0609722822295686,2.992386843502774,2.92089080009099,2.8289260068819524,2.7570878103595917,2.6811463205220867,2.62706011360023,2.5720266278842163,2.512989521873514,2.445971851056995,2.400343437992351,2.3728259309246744,2.3365270006841095,2.2704875358673315,2.233805097607324,2.1956117498639394,2.1681464904823757,2.1199032853240505,2.1017780606388716,2.060375083924339,2.0203675507813825,1.9978623477868533,1.977326339128861,1.9568340710177097,1.9098079098065828,1.8916472252566936,1.8876159436658195,1.8543912214361187,1.8506066454962087,1.8106199312706148,1.7921430194725683,1.7799080327496832,1.7546427112202296,1.7568253177440925,1.751384569934736,1.7126295530015723,1.7087723201710652,1.705166398320682,1.6822017171966397,1.6860538825718248,1.6502522262833517,1.6457958441976257,1.6305024528460799,1.6335636179853559,1.6475794565428303,1.6243369699611252,1.6163491307097135,1.6280591762469607,1.5969407554616581,1.6029238504239427,1.5927965032495095,1.583460207886483,1.5911065821402748,1.583639749677784,1.5775943157283008,1.5825459580019658,1.5878512730243983,1.5875808757048835,1.5945273471138965,1.596458695439549,1.5781611751808513,1.5955063246247745,1.561249451588816,1.581433309396946,1.577418966550772,1.5802198188546623,1.586922099178565,1.5693258034422088,1.5749141559724529,1.5989923755723534,1.61054875997507,1.6042007209673237,1.6014659335537311,1.6161843226833652,1.6226389058124884,1.6502593136300001,1.6296180153876334,1.6349354114415506,1.6603674264179218,1.659165851779983,1.6667148425057743,1.664036355937023,1.6984603782017855,1.718819154351493,1.71449656156081,1.7308048306815662,1.7722978615815348,1.7545257127685823,1.7765545410339592,1.7911534110280884,1.8285216679578251,1.8385584978256126,1.8386385129588312,1.8838463548491822,1.8944018773161475,1.9358344923139028,1.9583163727903805,1.9674491421792215,2.006953142297518,2.0504887301919714,2.0604785198499,2.097747468504322,2.1086368152316477,2.153638074669703,2.185767994617486,2.2468022890356463,2.2700849759512285,2.320410446569145,2.3850641009579956,2.4163253896315546,2.4780397199290856,2.5132227207422018,2.5795894448868175,2.6300655947974287,2.691697542331989,2.76941010620731,2.843342410753129,2.9205322693354216,2.998460059972649,3.09575253068469,3.1802831045916578,3.2902289648916287,3.407811893507975,3.5047058972385443,3.638789741219808,3.789173580641363,3.9269276905227777,4.112061928507458,4.286880410441105,4.484969484916786,8.56425397947253,8.535548577295456,8.496162586664726,8.430262398121029,8.383631307719401,8.355607586441957,8.304042806433094,8.246722312324984,8.18848910747173,8.14429685977564,8.029873062269203,8.01629361179405,7.941975569426925,7.835072383133653,7.764906488431772,7.716116353203874,7.6296185337642335,7.553013194113588,3.631990520926275,3.637814389688321,3.644769397973458,3.652866299483559,3.662117675541464,6.9622250624173025,6.845269246074358,6.728081510620237,6.628031003762003,6.517149121952578,6.37421026248138,6.2878947057079335,6.128344748817316,5.988918748826067,5.857345090052275,5.7169052432024685,5.592460822612823,5.4217308622050275,5.262193917214438,5.114626230370381,4.984550021571083,4.763931898416681,4.589157814650313,4.43646997526051,4.22272031020772,4.064315571773569,3.8959098766988243,3.7468006948825017,3.623089519758259,3.5298708373437675,3.397701573999772,3.272506482832629,3.2022794146489595,3.0965156110216343,3.0072523224431342,2.927350148682378,2.860365859071316,2.793201347511944,2.7306974842060003,2.678503940019762,2.599724953058271,2.558466735927606,2.5012946719909497,2.4538129993799687,2.4053838796572133,2.356172490063366,2.3217115936393813,2.2785818503787234,2.249324801085526,2.1993421730047076,2.155852098069617,2.148997224448125,2.0877356615827907,2.0756336115858085,2.0639743942764017,2.002776199998041,2.0049197825585834,1.9843554953858116,1.9454733910204827,1.9130373953291995,1.8947387130652158,1.8680627226446294,1.8554840528279744,1.8727204111817006,1.8201422409906154,1.8338473896029421,1.812519139710387,1.7785943247366784,1.771686509624243,1.773205802596481,1.7332581060852115,1.7463043338338102,1.724373448898275,1.7149282106168122,1.7004396599669223,1.7084823567762317,1.709868710168443,1.676828137835853,1.6742623458057233,1.661445961515577,1.6706120296626308,1.6421209015009564,1.6568237361851008,1.6391570970310378,1.6549207085157163,1.6410919221366256,1.6550422075904019,1.6407571472138247,1.6256606931190423,1.643322271171172,1.6102303073025415,1.6386709900434322,1.6192450097330933,1.619818052285372,1.6314334130389407,1.6304705458953261,1.641313673788602,1.6325432045404489,1.639377090185145,1.6288057151121471,1.6364640234052006,1.666046513099612,1.6538796056573712,1.6515552257574635,1.6539286405637796,1.667693292232133,1.6606654016530165,1.7096778782496294,1.6973340255783873,1.6868255011253968,1.718676832933801,1.7359019644434532,1.7284602681834402,1.73911488033171,1.7404536853649621,1.7663183612763058,1.7703108576445161,1.8043788904377902,1.8163493465849685,1.8307004250931458,1.881705108627542,1.88621326114023,1.8844615903576352,1.9208329923250296,1.9288588904300032,1.9639968569265462,1.990799174479813,1.9932977469691464,2.0130388505957226,2.0635246902387747,2.083431067638768,2.089683452843234,2.139425594786478,2.1735366957243643,2.195259880614987,2.2598707882528863,2.270591665700204,2.330226411534184,2.3521113450959135,2.3951779503496096,2.4559671889864934,2.494767433131582,2.5629232346571373,2.6135695786414406,2.677532054377498,2.7599565765364873,2.8052412542235237,2.8678496622726426,2.9592457474105323,3.019195224857262,3.1184169899280643,3.208566548901341,3.297855805012572,3.4135701610393343,3.525152983025334,3.6372411674520047,3.7500161218258303,3.930218253277404,4.05714785052341,4.239767432715998,4.428623841702427,4.641445812900525,4.896443473753758,5.109673121709798,5.418686205820563,5.709838451621913,6.095183426187155,6.461797320963012,6.962041852796101,7.454894470775224,8.158269478762048,8.983388302702274,9.814629372785584,11.07888628693921,12.392709385986997,13.094513372176719,13.548422863103038,13.955470939895024,14.279245662246975,14.582337059353419,14.839944162112095
0.3,0.0,2.0,15.17147829171874,15.355548116117665,15.526304938239097,15.679385391929259,15.818759076530911,15.938876631730125,16.05373909383232,16.108535952441475,12.057528984364508,10.777826114198072,9.555528724238187,8.723626798249875,7.883406606822728,7.210069394008076,6.7573871511608825,6.268657469477818,5.898032218333557,5.520779679848039,5.25339770445559,4.936366818796698,4.718901373315906,4.472370064954867,4.256368731973222,4.1053249763719615,3.900683980798992,3.8098675668219197,3.6352573462342455,3.518353481155271,3.399162515306978,3.2794679373601183,3.17650468424488,3.0853541976823124,3.0091538639588316,2.918365208820634,2.8557736689236277,2.753460972024,2.7009423532894723,2.642946683868721,2.5873578873757834,2.5194366601233624,2.461060227538815,2.415356790879298,2.3599813506357523,2.3333020236059405,2.288818658781964,2.223564006244616,2.20800764799393,2.157027008990807,2.12334772074549,2.0976690216433065,2.064728521135451,2.032149221420846,1.995089215687755,1.9747309276489868,1.9471134818585476,1.9085080790754072,1.9148153238666303,1.8908308769943878,1.8536316146553102,1.8469617780383702,1.8255701129407358,1.8021720314317482,1.771747719224058,1.7753665045037939,1.7643429752652942,1.7403711549371177,1.7128415853125922,1.7079979364564377,1.7026533725452495,1.679563038883195,1.674335096719277,1.6654911221688806,1.6734411891365328,1.6466045130947973,1.6620921134392599,1.6267435078098031,1.6108510743010012,1.617914660676831,1.5791144536622728,1.604332047808286,1.60116360833659,1.602219275837273,1.5681992965245566,1.5811684061370617,1.5856005582503525,1.5767044350512385,1.5899737606125932,1.5888085478641683,1.5670954411953448,1.5522125634313122,1.5605911767870357,1.543990921814629,1.553000558518423,1.583434070310002,1.5756361794410547,1.5731760075396732,1.5827612777635471,1.6094985921020286,1.5830388004700433,1.5702503066211566,1.5952392418225259,1.6043327012324302,1.607103677121812,1.608391576904245,1.6195216507806887,1.6228437913146256,1.6189833366211037,1.6458910722708946,1.6403464873465587,1.6605723416063511,1.6632127298109975,1.6880705727924938,1.690067163340344,1.6951401021342605,1.6958747451697995,1.7278071614322614,1.72253462273243,1.7618342290026718,1.752943219972105,1.7667141651741602,1.7971791500868879,1.8292316597635092,1.843413809188248,1.8687562674598583,1.8926181938632967,1.8911742135676977,1.9089171932953577,1.9246485187394384,1.9928625233634787,2.0010554174093276,2.0267246129093146,2.0671359029228005,2.122304003078569,2.122255360297357,2.172324370599033,2.222622722522326,2.2357087828746787,2.271518312535164,2.331145002084454,2.365865003538122,2.4073286245717656,2.4551259200852065,2.488653104262848,2.5768926732925954,2.62606406554489,2.6956723875116815,2.7638677311952597,2.8297788078457717,2.921506121500547,2.9746467969304122,3.0793719742778993,3.1302005903622314,3.28384417240249,3.3758191383498746,3.501958869077208,3.63771525601652,3.7413256321637616,3.9249258212298543,4.0844310285026735,4.257119696581583,8.473929054029146,8.411797868748774,8.388285877550697,8.342894521483279,8.288144339698357,8.285115592014337,8.21921524313183,8.17016017649935,8.119931528226145,8.045319341388351,7.9873175438104065,7.923426007300129,7.860990537937848,7.779921773730885,7.723915815927092,7.630834056400039,7.570238074861291,7.494474106311685,7.39143253302572,3.574244520383636,3.5813140931624208,3.5895076643481176,3.5988379801479984,3.6093196401160577,6.838028355565414,6.755851894914603,6.630277719593929,6.529126274810993,6.398279969433551,6.294071350236347,6.188872380988887,6.034651366573633,5.958260467664393,5.789030366241692,5.701312298578874,5.503127511935061,5.394459058027933,5.228132627640461,5.062010603853808,4.920265325164878,4.779565812497836,4.584257678959024,4.40749495527827,4.263072972595437,4.059565970414055,3.9195407636054633,3.771838666915515,3.618920155320933,3.5040057644801816,3.3935018409789373,3.3053263829508337,3.201453067773339,3.105051607496976,3.0196858251040593,2.9383789009249752,2.860306902496886,2.795750105381438,2.7293832796670863,2.668263713667549,2.613878632307188,2.5471994682345125,2.500660815275771,2.459497234935275,2.4039879984604826,2.359253789289412,2.336195176085685,2.2827209476380945,2.2359511036903155,2.1927246071411868,2.176090368435156,2.1374198100644795,2.112954301488069,2.083117978862766,2.0525588662110654,1.9974359037335394,2.0094554053422504,1.985627699199313,1.9739898028224983,1.9388061062833537,1.9312244625819732,1.8688891216828905,1.8796880052925249,1.858859843383333,1.8279389012432332,1.8287868692503135,1.8079091230005737,1.793279468191649,1.7729279704442382,1.762876968491296,1.773142394861692,1.7549968430979583,1.7469986730000686,1.724284422423797,1.7002449407654856,1.701004808283374,1.6913896135974207,1.6793327662387736,1.6630394175207566,1.6500446924318675,1.6502177628981352,1.6691239147453976,1.6647343570584345,1.6295726569888125,1.641421093772435,1.6370653900760532,1.6339089283754888,1.6536360602944848,1.6420230695934688,1.6200732894172956,1.6411605890842604,1.6408528129153668,1.6543374848612666,1.6444949657017944,1.6612738645333573,1.6399704027860122,1.6300249405217755,1.6417726962835484,1.625677510959008,1.6471941329171156,1.6485104204631473,1.6637650736249756,1.6642677402087316,1.6633862524696976,1.6482753349980055,1.6848186697565166,1.6956260799077167,1.7146303573052182,1.6987854559818996,1.7183601592285016,1.7212278872629927,1.7252731770568202,1.7301730925801406,1.7586259873565973,1.7716656041948124,1.7720975936658843,1.8107430350481646,1.7933740506903457,1.8201391539288188,1.8331875314507888,1.8540732248116525,1.85830422164573,1.8722665569103534,1.9035529451115132,1.9402535590039656,1.959401720189945,1.9728589430146342,2.0031677932062664,2.0254936334324256,2.052672523602229,2.086766563709686,2.110977696512998,2.134247268205069,2.20406369695404,2.2073832353183405,2.2481318117161,2.2830531103552674,2.3150843655933606,2.356842813439304,2.3971384464884262,2.465376609068232,2.4991375875503974,2.533450980641914,2.6165259960737903,2.6675040833584385,2.754372301666832,2.797385405443897,2.8518810566706874,2.9280496472318522,3.0069058142312404,3.094503966271557,3.1999831997989814,3.288728299596091,3.3988248713144875,3.5109246464285775,3.634699910950545,3.775508091892209,3.8895311743766063,4.0500863823300195,4.204611858710136,4.3996669153563674,4.626613640770285,4.836885410119584,5.118314495095697,5.35499436296221,5.705789552128944,6.014157079715682,6.472314647949842,6.868640496044642,7.453439523809279,8.154631565747232,8.846753772882264,9.82182511488513,10.853275835050582,12.40408057203611,13.111031930527647,13.687817188427307,14.04226117723813,14.405085321942423,14.709162453627199,14.947723058408666
0.4,0.0,2.0,15.351845469820244,15.557537574147126,15.730304140082808,15.884497572991885,15.963473043527882,16.130692554038838,16.252258969401467,16.29070190015622,12.050475951195867,10.544845896166958,9.352850955340791,8.559651459704709,7.771848370739475,7.220006060140724,6.660422752564108,6.2631382395186534,5.817192094502152,5.5123365112352705,5.185820430721672,4.908100962441815,4.673542249880308,4.425418140514881,4.276249011147851,4.054145680262406,3.9279244555248876,3.7661019743152755,3.6434330591398925,3.4893433265534584,3.3555326621722705,3.273856182963572,3.1506458510011055,3.0848509494227527,2.9807216782381856,2.929432944927488,2.8095316665555674,2.7596116230666365,2.684664226644154,2.619408885801823,2.557966001811261,2.508182227800762,2.459655965923554,2.4110728162525312,2.3704505881047515,2.3189949202189446,2.288377977573643,2.2443408709143498,2.1818172642722975,2.162389359691568,2.090763654837858,2.070465999443329,2.066594271110006,2.0130483758153495,1.9918484141738606,1.983229932184757,1.9259617257686426,1.904380472779712,1.898633008849886,1.869754882584144,1.8522808528628627,1.8330998403505527,1.832777324998732,1.8245162928689582,1.7643141129746391,1.7517676664610247,1.735905855354391,1.7351474163022258,1.7183897298731998,1.6868798481741474,1.7116602323818826,1.6806298679302412,1.6643966721028334,1.6639648971495185,1.6625279845946903,1.6477939616125845,1.6538444382946782,1.6252527921875874,1.6317392928375347,1.6167609417581679,1.6113005552869797,1.5987079728424103,1.601659773002718,1.5828777031112453,1.5764454350206205,1.5774131333626389,1.5720177958615131,1.5876521904813419,1.5852213944587124,1.5717402132898213,1.5690537239838425,1.5606026640672985,1.5691095869056617,1.5566408108193395,1.5549856775891735,1.5569392223615934,1.5861093656371432,1.5920675122264227,1.5805647516186894,1.582866395489851,1.5740370718008845,1.570179043257293,1.6008199561238323,1.6026630085587183,1.6126091115022831,1.6006741870040768,1.6121404089460956,1.616008016858557,1.6011357782072655,1.6362146896135106,1.6456272156873328,1.6538891553041526,1.656035802700941,1.6880996973063096,1.6741230146149229,1.6863040368814541,1.6937155826179502,1.7148785408283544,1.7266280641708949,1.7506036090894148,1.7514018590316525,1.7688683239150527,1.7946348793893345,1.8269817311936447,1.8431726208298573,1.852241908051261,1.8929872156151828,1.9009029902700285,1.9023491551719283,1.9625895204479231,1.9811355870171632,1.9778468296445504,2.033491558235132,2.0591231027091923,2.064840978336684,2.111482915279207,2.1667283305114498,2.211273728082683,2.2527141983225527,2.2715991791305568,2.307473785137773,2.3739931585208986,2.4268681511703862,2.4579481157515954,2.5301626804031345,2.5916482201573086,2.6295698302019317,2.705288715785469,2.7463828413485474,2.849519832583271,2.93068376832417,3.008520072713074,3.0804316968353156,3.1517091820210426,3.306374715342228,3.3914117637710848,3.5300698024679518,3.6302172371812484,3.780303616619585,3.918582632407355,4.110743759439246,4.31461152643629,8.308811005419823,8.239199985397168,8.20129045567825,8.141834337538384,8.125025108435558,8.075871054803,8.047591999932338,7.973213075815929,7.908363003313671,7.878991557134205,7.789996236605932,7.768932949363273,7.696140140963467,7.637545405422654,7.540492251047071,7.467162278844625,7.390559362201609,7.292479902658871,3.787678453830108,3.507530073033175,3.5165017680774833,3.526596871599012,3.5378312695088088,3.5502227686170045,6.70264007416084,6.565908053686231,6.4674559492578,6.35130958139396,6.238902753276519,6.134617259208109,6.025497476995832,5.899593324868635,5.764740487837246,5.672215546918291,5.527484705707385,5.377252928715952,5.293521298116016,5.11060851087138,4.980751333570813,4.811955790342006,4.7370626892620455,4.544650050338035,4.412835045990031,4.211252235135,4.0460269907988975,3.9171995687343943,3.766177023290923,3.64653712135467,3.501009149880362,3.4135482592644406,3.2542067644131247,3.2123233328747887,3.1047997230141955,3.0223219667791756,2.928029144047665,2.874242993973739,2.795515293735557,2.7269307842277053,2.6585388018684757,2.5857886265586676,2.5548936065027403,2.480476969450249,2.4310557736875587,2.412230172226847,2.372403896225603,2.341324673961233,2.2792203311004386,2.2421298216343026,2.194182994671645,2.176542798986864,2.1285617931193106,2.0984495511185,2.0714125494519267,2.0424644358425503,2.022875725865964,2.0021959234826645,1.9929397024861693,1.9556291329618083,1.9377916993930577,1.908545934742611,1.8881299543688799,1.885719396427992,1.844196498481889,1.8322365182224092,1.8326470937221861,1.8107164439011685,1.8188227893101923,1.78417926676721,1.7694021623899239,1.7716378360509941,1.7490154815254957,1.7171990310699792,1.7290006426432185,1.6908163161182816,1.6837868660237671,1.6963104103064537,1.6773593946569052,1.675495518417949,1.6800275395856503,1.6645079398156912,1.6639846613084825,1.6640999616593033,1.6635008428971632,1.6274060743434997,1.6438966555462404,1.6184882184742322,1.6289759163970565,1.646827351577311,1.6528478439055618,1.633813887089236,1.6380075079742136,1.6389782547583887,1.6395378029062757,1.6512745295573203,1.6208518340641604,1.6373910164168402,1.6451114931314716,1.6585514431125525,1.6445172829275396,1.6479703232789855,1.6679802738247493,1.660816541313311,1.6600180373502644,1.6882972325355272,1.66469467449728,1.685156067443205,1.6951744707249354,1.6902338674733912,1.7242007706095788,1.7086608155043177,1.7357610096608167,1.735247739438392,1.759932522462245,1.7763593095192787,1.775580989397533,1.7989280401417538,1.8007810064523841,1.8312746221257483,1.860511351947775,1.8770330040796366,1.8932470450768697,1.8925213186686773,1.92845995250285,1.945960603314862,1.9598150645515129,1.9744630169733268,1.980154465382466,2.030747134253236,2.072759187601853,2.081176565145962,2.126753860447118,2.1513222115254367,2.1747281658353823,2.2306380599885873,2.268343992296683,2.287682650019392,2.3179860629193865,2.3662015028882495,2.3945196305420313,2.45070105804859,2.4909586650630127,2.5646526685725313,2.608734241720103,2.667163318869118,2.735995075151492,2.787904713367696,2.8873674408279526,2.946922029913531,3.0360780810490167,3.117888003255246,3.2314462239341077,3.306661690803824,3.419396699599054,3.514691667184915,3.6608679673667694,3.7962678700301895,3.9337249441804802,4.087527123557282,4.253199472023567,4.458725414976025,4.638323047432734,4.8956960295296135,5.129795134262286,5.4113572499724345,5.720007796451548,6.101461225135953,6.589071947825471,6.991234507707974,7.563800039671527,8.16650159485135,8.99752131918767,9.841711784333006,11.126596407602948,12.42531757661578,13.370941290972231,13.881283708537431,14.222960282606042,14.616574455564262,14.885437166358388,15.153670050850303
0.5,-0.007785610974586379,2.0,15.53880163743168,15.730467422248722,15.92407252147095,16.056388273391853,16.193292164644404,16.317639236750445,16.42383460590493,16.477325492508783,11.75842330415788,10.314027404889043,9.341211529206896,8.411026101335011,7.779399447232381,7.127892506702438,6.666694015548222,6.186188968837715,5.749231367034648,5.441634343648649,5.1431656127588585,4.897499163699979,4.647691394428922,4.4367667585399495,4.229737852138483,4.056823548455222,3.898058601109652,3.736836114679873,3.6270277833466995,3.498361721085491,3.3499225064067994,3.242459538367942,3.156889105815412,3.061352482260072,2.975436205054985,2.889636797053581,2.8196174190904713,2.7394318146343,2.6710889771664657,2.6165989786308894,2.553693316421506,2.498912075071558,2.4477307489584574,2.4002208427817227,2.362385719094642,2.3047014820656044,2.2749130029216764,2.2471177797198982,2.1695664855706793,2.1499022148475735,2.1174116088207002,2.0837138694244035,2.0367507925426644,2.009444124408577,1.9906056594086088,1.9678454877547333,1.9391063672095816,1.9292418680948795,1.9126439312296821,1.8703914786913989,1.8588790055150168,1.822064308570017,1.8141502534372316,1.8117550530396294,1.7845086707764153,1.7613988787292192,1.7345635072373173,1.7453990575417182,1.7259635150214017,1.6965305399932373,1.7205857703439995,1.664559798396945,1.6413664273525321,1.637770402876394,1.6406096578020353,1.6543718366599238,1.636420555419346,1.6139478146002675,1.649467413719598,1.5876125606832667,1.5953370089572143,1.5901314927753007,1.6027180309247522,1.5755513309306353,1.577308209760781,1.5859394637010524,1.5636123119867282,1.5816481628306829,1.5709814389680326,1.5566535132984023,1.5708533556226953,1.5537505912329113,1.5519224031566508,1.563665385133335,1.5668365939511069,1.555197801056356,1.566140312045218,1.5772847058333894,1.571878378806507,1.5901136472900164,1.5803677740388733,1.5631157995448777,1.574723963701527,1.5950852344443103,1.6161772315102256,1.595647644608987,1.6232477598042816,1.6244297764002127,1.6264503343624837,1.6289448424456143,1.6487134877581995,1.6578934908159206,1.6601796115454879,1.691109952617236,1.675208966936627,1.694001464569061,1.7009125195036288,1.7370919982351205,1.74728799548569,1.755376638205196,1.7712585113814145,1.7680395376215738,1.7899729510853093,1.8164179546536978,1.819894955596842,1.8785336888044208,1.8737963919154152,1.8806288122516952,1.924096463462094,1.9619583074332774,1.975085588727799,1.9877614991274708,2.0456643774058114,2.0647831397055487,2.0971313550459407,2.137071076221278,2.1634596481271764,2.1985994319395705,2.240607808427502,2.2721686263873924,2.3003202079861405,2.356615657028131,2.429994381302055,2.462640899659896,2.502272653345454,2.5794355968981666,2.629547277852206,2.7140912834645055,2.7601483868853616,2.851781004849616,2.914274318514864,3.019493197880284,3.1090510437421144,3.199443775609514,3.3056307780866963,3.406796032173513,3.5239352721678365,3.664277420671187,3.839231947634019,3.9441568127773134,4.288278907943141,8.144330328335968,8.110891104580254,8.093784826811937,7.998676100805872,7.992546265833264,7.928833935635615,7.903440441653441,7.849615104870265,7.784220494930232,7.729215570760003,7.659774188569296,7.6317082752712535,7.533794014805215,7.4937491326212085,7.426733958024595,7.335132780949899,7.28457645365641,7.211083975746786,3.962856838666265,3.4937103088395483,3.436994532022735,3.4474806134600415,3.459088168534525,3.471835677957204,3.4857436083238156,6.508101684997088,6.383688065130745,6.295313599500681,6.170785003217175,6.118924344208615,5.950331596304643,5.8576515721464455,5.7700522577557996,5.653109292420688,5.548720138224429,5.3932495869448775,5.283209349729076,5.149645471295146,5.030928393443515,4.90274867305232,4.768611023565819,4.627211011580971,4.47388726594936,4.325724407201531,4.207556466653597,4.038351053407737,3.878325221172571,3.772599411245241,3.6186892903600585,3.4899942539115525,3.3633663793956776,3.274330543195215,3.196408982485129,3.0834865018890785,3.0075789110858873,2.91305981889415,2.8588032835115933,2.7848908760276445,2.722509736322075,2.6512504105116648,2.5944678826182335,2.538094755442322,2.5052424780518785,2.447625689766165,2.3840073479667723,2.3579112125881005,2.3071104305144714,2.2691019432829145,2.233696822022134,2.202248822834896,2.1652734708003027,2.138286552346209,2.0917618340779085,2.080506269695971,2.064976386775693,2.012865492695798,2.0121362311802997,1.987324258559675,1.9479121743465093,1.905076596740384,1.9003928838265833,1.874561872229371,1.8708757172432706,1.8611438693357851,1.861385507409276,1.819102949742402,1.7986044680455613,1.76857433529086,1.7571508448411006,1.762559017764067,1.7478204154160222,1.7197229076165617,1.739323111834044,1.7250134775451658,1.711130046560194,1.7063044866611894,1.686796624509924,1.6742778320422134,1.6859422492428213,1.685331848831569,1.6641995068696083,1.6576217422148989,1.6781822917006906,1.6298263232419332,1.6236703722998667,1.6346342755188064,1.6326966409311017,1.6580103017801475,1.6382922272400668,1.6423370860574054,1.6399538068092596,1.6434931315835246,1.6417247032360203,1.6216004777518183,1.6469424215930737,1.6415373288035027,1.6430745920231007,1.628290652429312,1.6486689267840957,1.621614026768646,1.665874969888611,1.6571373800618252,1.648910590399696,1.6635631115968816,1.6802924686324803,1.6933418098338058,1.6910181506018265,1.7032283761832439,1.688528914930523,1.710008648037957,1.7143944875276154,1.7425955942270728,1.7431231021407565,1.7558275901652924,1.7700369494125745,1.7809069329796858,1.7969550579512308,1.8058634222215302,1.821299660599331,1.8570365028162312,1.8537300256568816,1.8798905123114256,1.8983660757521665,1.9032383017878116,1.933994588793331,1.9667184931536912,1.985449140633726,2.0073462414157417,2.0387088948105676,2.057137521177354,2.0969057145496373,2.107641209154408,2.155165977757123,2.1834489901693366,2.227422177830177,2.278809330249995,2.301582717748879,2.334332767149959,2.3779206284134777,2.410022307636007,2.4572235716373716,2.5280086691360557,2.554041115861289,2.617386233553073,2.6788046730906796,2.7643451521034716,2.7991956463861296,2.8729494976394188,2.9588490857622745,3.033786397784977,3.1275766572506183,3.230429893678909,3.327811487625758,3.4162278210834636,3.5507618346226404,3.6925857620035147,3.800151555174108,3.971006165814229,4.09333930714759,4.3053655731992535,4.461632245795916,4.667904318878646,4.912694543380181,5.166604272708993,5.491527131259159,5.773032559771177,6.175996174116585,6.548519310394877,7.088959899117537,7.577055455307133,8.307113415681528,9.169535799972124,10.049205315980213,11.346292845655656,12.722546508691869,13.585504412500784,13.996652060429371,14.481845422844177,14.774038422522764,15.061525558882842,15.367998860755742
0.6,-0.00017925227281211445,2.0,15.738469260353497,15.945602620767373,16.09409337001706,16.274781395257715,16.381492623224524,16.535357214319895,16.591699527432418,16.67914734870539,11.752461841126156,10.307745443004332,9.201613642938893,8.400083026071387,7.632488356948304,7.084209055193413,6.5406160564713955,6.160693231728831,5.770848658747946,5.44281086888954,5.129817756980537,4.826367139914571,4.627339156964895,4.4159936072217425,4.223814241674901,4.026659618121895,3.873135228185517,3.708192587843115,3.6127339963893474,3.4825955851794115,3.3425874632760806,3.256628575992007,3.145050566318671,3.074017113295983,2.9541024267863247,2.8904909174032993,2.822231537242336,2.74773077906312,2.686229332779487,2.608819385517656,2.5625246917195765,2.4935588156981066,2.425252979484078,2.3951090260073618,2.3287364872971055,2.3101341204082098,2.2666179332323306,2.2119697327786154,2.1791932763327497,2.1264901270214835,2.0886310150908223,2.0854115636771633,2.0478557843106864,2.0251383272852532,2.0002245744080267,1.9612281165071543,1.9370580053439637,1.9040963737614243,1.882764887124755,1.865624008894252,1.8619876840863896,1.8246133016340618,1.817358685320897,1.7967506274184384,1.7793871070828653,1.7563593877931862,1.72816714078809,1.7160125078097286,1.70532668490408,1.7094300745838111,1.6860156910175705,1.6641591451181503,1.6449132567209213,1.6535003777363733,1.6371205698697529,1.6278843236563527,1.6535569480925423,1.6279604919190236,1.6045476073459999,1.6161982529010344,1.5887650072231334,1.5974617910612545,1.581948568808989,1.5654691533498961,1.587735840211854,1.5787753895104586,1.5872307195786446,1.5736057492541813,1.5627329862644506,1.5747865715254288,1.557694997598588,1.5594925957155994,1.5607301871494161,1.5450771604072802,1.5642610156055687,1.5396434250677977,1.5676611390562027,1.5743142710813598,1.5933034942068474,1.5930659177974753,1.5840903440771579,1.5726777057278005,1.5921322407191396,1.6065714135382883,1.6023599452469761,1.5863479743582365,1.6190429204220471,1.615292321947142,1.6239608763758557,1.6374711016218164,1.6410422185524212,1.661002070984924,1.6576784343223954,1.6692617951653776,1.667480685325413,1.6930596277065542,1.6792421512460887,1.7066652901486132,1.7339384665196658,1.7620974140963543,1.753542792881623,1.777872370033234,1.807225054351168,1.8359893237742193,1.848771415781099,1.8673027571120135,1.8799959964765478,1.8933120733287614,1.9409854873691612,1.9560428790977273,2.0099682364033167,1.9881398341206618,2.0309674824480655,2.0419882997714076,2.1049686362963556,2.1133296890313855,2.1448146417191603,2.208943055052444,2.241941478395375,2.275353433584489,2.329793574721677,2.350124419928014,2.400480819122482,2.486644590889678,2.529715931767272,2.578414643297671,2.6601245957024795,2.700799144210016,2.7756050881198977,2.8519947090902367,2.92141293488386,3.0450389894704046,3.0913795943684272,3.206858709661892,3.2815288928333186,3.4258656460296946,3.540630834317989,3.6426646419786204,3.804784756273157,3.998198092938898,7.999993583744852,7.95316524242867,7.926818739434006,7.877172349997566,7.827314363430309,7.777026812672799,7.751839014349959,7.685263670594232,7.6621406005570485,7.593603627540302,7.51721971070115,7.490656910904339,7.412252880160496,7.353493989504561,7.292604719775259,7.205346451731492,7.115520375308771,7.067103151272586,6.987578792356342,3.6351723342666418,3.3514299381087524,3.362637160584447,3.3749514680371284,3.388392619043619,3.4029823769086307,6.439108138550546,6.329881675747568,6.2316365239581275,6.104366576186562,6.035908170569898,5.9319607680791515,5.835214949777507,5.748694302273879,5.628887649681306,5.481914248802904,5.391928188666337,5.283607642496391,5.155224338707042,5.0176827017896075,4.936577097127865,4.82315433462944,4.659820376105119,4.585148623617727,4.411064173291476,4.295793930023986,4.156804179679492,4.004908322213226,3.888120886799321,3.727609814997553,3.611648373919478,3.4781534152431326,3.3741482043104827,3.2926102406176443,3.1734648529889067,3.105625957932154,2.994779295711864,2.9466922199834564,2.8776699075430816,2.7704900687341536,2.722902497476552,2.6578066550453006,2.5978257948864223,2.5712872474511976,2.480748287197206,2.4414159655397705,2.3930245744553265,2.38006265622966,2.320008123429001,2.2765739285904467,2.2510775233990903,2.201324066326766,2.1575537968722114,2.1321124436507097,2.1216002233456885,2.0765521735833925,2.0614674614067496,2.02138459387155,2.0156467670314897,1.9940813343335302,1.9546158895706889,1.9348454043944594,1.8841180205128447,1.8770244110587717,1.8906014838239098,1.8667381357154516,1.8284596063372185,1.8056448614601002,1.805553642122583,1.7955346556702119,1.7806639661967536,1.754984343135455,1.789773694494437,1.7492644281991676,1.7308853393739978,1.7219274534650844,1.7302319640870583,1.6991846132829276,1.6976890880247908,1.6788184808061075,1.6617768166266362,1.6785238199257855,1.651649556004532,1.6541106535209626,1.6538737424860759,1.6401620853862737,1.642068686006251,1.6430104847494627,1.643586891863898,1.6275585014104486,1.6335977807560884,1.644978370809267,1.6292919607401013,1.6472943577220902,1.644856504921924,1.6288405108731938,1.6414156586195423,1.6330697416063538,1.640403749538554,1.6449254579324726,1.639635777658453,1.633157354111965,1.6689516738533454,1.6609597843307224,1.6634040706513138,1.6528005857332126,1.6839475280027303,1.6766355662318209,1.711881792714381,1.6958685804232108,1.7107228524435822,1.7224401148621198,1.7175253095972283,1.7648985521747667,1.7294843050923445,1.7731602980119094,1.7809698244106473,1.770594014196637,1.7993196063401824,1.809350284080789,1.8272904306916966,1.847134259543425,1.8643310263214528,1.892487435886001,1.9023624028532455,1.907956915303603,1.9444523999620051,1.958874064219293,1.9753419635449019,2.0271454144684093,2.044297637719388,2.0713494814068607,2.0763867304921484,2.1222579504058,2.153827062454574,2.1641618111572543,2.2318642017280963,2.256496028035748,2.29443145697376,2.3478021731264365,2.380226487977181,2.4174683032238056,2.4841102515123397,2.5093081373820545,2.580181849510657,2.6311303827039882,2.693155782634084,2.76969723195601,2.81214059658535,2.880943205305004,2.981626965131788,3.0721753264076677,3.1573155160277664,3.2493080485620753,3.327531560081168,3.447080681165882,3.5505448481934536,3.6887518070519447,3.809284848893297,3.959606463546135,4.144545863451821,4.288801479607537,4.490476810711691,4.705877230417383,4.953677742193389,5.163869447062036,5.503401263043578,5.796566658333339,6.187997228395895,6.648469632487794,7.0695712260945625,7.707264884730989,8.286784844832432,9.172807895093285,10.059934733807538,11.35222111430889,13.003116457275206,13.718498411530316,14.256091627328193,14.625933132129166,14.985289996391446,15.253251747986344,15.55143896040284
0.7,0.004432830008506345,2.0,16.070600465364393,16.216778055704076,16.361043939807892,16.53244611309579,16.663191246903285,16.764533865743978,16.852922135186162,12.32621939190936,10.997218220727818,9.703842976364735,8.867196104170562,8.016302893871996,7.3249606165189185,6.83047974536614,6.316202193555129,5.967347074847921,5.547611681606615,5.277264174051127,4.989693195050199,4.769813647094456,4.5350300940074115,4.303791777002668,4.122258583148809,3.94233623893577,3.7860330570604344,3.664987924682144,3.5568777557560156,3.3973001312767135,3.2979412276203144,3.204232583954117,3.0895814163883557,3.015182798782147,2.9231413379933637,2.8697438475489605,2.778454232472669,2.7216461192835117,2.630303427643655,2.577026577099661,2.5289206699495352,2.4511629373224473,2.4292082838490168,2.3537888975931613,2.3328125164157,2.283493550395559,2.25211092563895,2.201351318534374,2.151466446337912,2.1110094535301154,2.0909578862457376,2.0722669529475977,2.043248633566974,1.9798689496897992,1.9689843938271008,1.958098336153914,1.9308947545092978,1.8841266972513344,1.8844847490865988,1.859463686360145,1.8588258719849986,1.8275001287027368,1.8164612385467926,1.7668441175747198,1.7635325931840817,1.7664454354533154,1.7502404203278337,1.7137358351934882,1.7138398573619495,1.7152279720616912,1.676607497152616,1.6705925532493036,1.643706700578401,1.6640232027806443,1.653082360858432,1.6379057609020238,1.620637873792095,1.6145256994394528,1.6235114629617233,1.600137459840759,1.609464099382596,1.5819727695347443,1.5817328602662672,1.5592231277259951,1.592427968249916,1.5800499960229777,1.577552747022951,1.5796202399753145,1.5655955475598593,1.5791360592550605,1.539945372373954,1.5740995143022445,1.5637458889615115,1.582329421187855,1.567673126935012,1.5583381611130736,1.5601650654052974,1.5765266687517778,1.562408554659584,1.5704245815225988,1.583929250645221,1.5761237277759788,1.5869337531040675,1.609902088378173,1.609254433458532,1.601567297076091,1.6378275082747638,1.623524739044791,1.6332795729888256,1.6344091056443404,1.6337374156873428,1.661408070802315,1.6621624499528709,1.662450150430235,1.6925565256608204,1.6977882617688134,1.7194370448010423,1.7342663691868274,1.7457205884461175,1.775188472113383,1.7772872324781699,1.8031138702894536,1.8092470031984687,1.7995549858930349,1.874678210298837,1.8658510729062296,1.8754194060516534,1.929112164144039,1.9416879221999546,1.961056352591357,2.0113693897309908,2.0078570073376008,2.045095720513222,2.0560275391005067,2.129273251108275,2.1262453505069305,2.1918951990896165,2.219385601350293,2.257938907778844,2.297750650073519,2.354239197552074,2.3938030685985257,2.457975322476234,2.4938999505415484,2.572768251307038,2.5920676618581253,2.6813586859907916,2.7354326230207286,2.7901786623809093,2.9003002675375638,2.9401853041840194,3.0651100716155786,3.136210641018523,3.267128338703661,3.3385107760484733,3.483940366577145,3.601730733982695,3.727194120185376,7.82841864968606,7.821221518116691,7.762344553534403,7.735531976379426,7.688241627243603,7.634011484458895,7.601227888482897,7.568935590125299,7.496469255944076,7.48570857877545,7.436605831958142,7.37360152113183,7.2739686317646415,7.255663232024746,7.203780129272429,7.114216013654128,7.062158008641273,6.943411881532328,6.937270305328989,6.832411457127417,3.5292541196474843,3.26940572357571,3.2814738897057927,3.2946391541279123,3.308922851903682,3.3243483607624587,3.3409411974257113,6.21006193962727,6.118163491687789,6.011210088632655,5.916093333829245,5.831728405124676,5.727490905110639,5.5725987365293745,5.496575307634176,5.431709270911647,5.318191005063042,5.197181275380691,5.085601339668852,4.973845633247417,4.8482057420326585,4.74302925264633,4.668539485858369,4.532685725106208,4.399053834038985,4.299351273375637,4.198548797066864,4.05125087500485,3.941362138025169,3.8037236403221444,3.6763499959170916,3.5375340951800633,3.421315331395957,3.326687645713142,3.2032981687193662,3.1463418719832426,3.024312462440064,2.9552638031164964,2.8788858301743137,2.8153606964628546,2.7724828642815096,2.679186825321626,2.651663183722879,2.5568211168485075,2.523579994670437,2.4625140635591434,2.413143068071589,2.3845940673089085,2.334955218278442,2.304414853271031,2.2635569051065145,2.2388038441109686,2.188124393778941,2.156772286708586,2.110860939878592,2.1004189012137227,2.077639785508257,2.0488373790334413,1.9929970321548722,1.979688438956619,1.940654327518521,1.9570525366649447,1.92536050470506,1.901892954375803,1.899495554228898,1.8614110496115552,1.8534461323794955,1.8113528335005977,1.8100723463889972,1.8002462698015522,1.774415209843045,1.7779280800878463,1.7522468022965287,1.746076266786012,1.746858831763601,1.7237235149106704,1.7127008631760237,1.6855400044282907,1.721830508677781,1.6668919548356718,1.6680731344227735,1.6748378094801528,1.6523314112516383,1.6598341278416244,1.6658551049978576,1.6592742608655897,1.631361006886288,1.6420260112966722,1.6389892220501372,1.6771369082060503,1.65116161951996,1.647787101352609,1.641592114960154,1.6412488103279208,1.6338457938239317,1.648135353855011,1.6384155572063874,1.6339013941073421,1.6295309153478208,1.627130857232047,1.6421043519003513,1.6404800896858758,1.669356037851644,1.6866715287599132,1.6635283988141738,1.6545799817436784,1.6734416667962762,1.6765053296551058,1.6846099259376026,1.7055114720257698,1.708664966354077,1.7249544844412228,1.7224423969881526,1.7429065626129374,1.7517521059869983,1.7661198410811474,1.7566522561139466,1.78447139386403,1.7910698650362604,1.8122444406833527,1.818350285991212,1.8353076531587915,1.8706864854075658,1.8773751742302702,1.9217862892522601,1.8998534273826655,1.9323698766597697,1.9626179854811623,1.979306534476657,2.004819742493764,2.02055658567045,2.0637877863141276,2.0783867275908943,2.1052457013115897,2.145224096804104,2.169495650586375,2.1866054580488727,2.2415789408688256,2.279061784673437,2.325069661273155,2.3497204706293093,2.3992703294780173,2.454360154356185,2.5012726816882602,2.573919347260769,2.6125155653559786,2.6483242070368735,2.7347587803590057,2.7780470746215937,2.8703632817080726,2.8990856752306584,3.010436056450343,3.088510457232095,3.17822380975708,3.301299503059312,3.395730476786665,3.5008422120627656,3.605415941645849,3.7735355903933367,3.847322885879857,4.042992017890818,4.208217297732802,4.399691499307325,4.63782038846991,4.820512902674016,5.100653491647929,5.330928747799915,5.649807239536832,5.987936952581459,6.410085754520346,6.788238709652562,7.384753473750298,8.035212000874596,8.714999947362012,9.680449802369193,10.649605868790893,12.148884567976069,13.382949444794567,14.152831249598854,14.605252789653594,15.004215462453562,15.358241802543635,15.594105510240388,15.860185919329236
0.8,0.0021707985206975383,2.0,16.351568273995845,16.5247160002488,16.69327688051918,16.789667596296752,16.899801828795372,17.017568489886735,17.07321577628295,11.513543795606193,10.318172539568106,9.161810128245635,8.41480815762873,7.648819607690882,7.127896355531927,6.590930854279554,6.10086961829224,5.762262547027853,5.4089324534498715,5.133521185830568,4.86702606384272,4.630711979369307,4.407483072106014,4.245249105501203,4.058491818107783,3.8582406008728016,3.734421898616626,3.5799303219131473,3.495301143275638,3.355407201165215,3.266658763825238,3.143137297961969,3.04013374477072,2.981803429759142,2.8806548822693316,2.818555472644438,2.7434389635301417,2.697080268698501,2.617625908462379,2.557724243443132,2.5007753524414142,2.4699819813693717,2.3978536977939724,2.3343992765514603,2.3043774552423515,2.2597935338715294,2.2081666578947123,2.1716587307530064,2.1549591603656,2.1130469097235887,2.0751527172789364,2.074423881277082,2.024884571269658,1.9985583026422247,1.953924840879879,1.9284157624375768,1.9216580520379978,1.8843516137424485,1.878654874891498,1.8689135261994765,1.8492272891841075,1.8251386449739113,1.8144042684301243,1.7619007934283875,1.775638412910584,1.7432549692653734,1.7273788105958356,1.7158561498560716,1.6985616483832657,1.7142990170959618,1.650709612048171,1.678485289486037,1.6605011656360391,1.6519700487423792,1.6392191127899327,1.6508436548920498,1.6199589189343675,1.6147965681364176,1.6086921979071556,1.586684943234236,1.6179670731340416,1.6160888507469031,1.5748530317526388,1.5753220589344277,1.596149825167041,1.5740311681509034,1.581527194476963,1.5671489562189818,1.5854950890913047,1.5566448459841502,1.5586237612506648,1.5663748903180503,1.5630550808989303,1.5445602509590135,1.5737057938739663,1.5558250334556647,1.593318742604736,1.5735373821992327,1.5597399656839217,1.6078968533962026,1.5853550896179482,1.618757717419728,1.5963420426487527,1.6076041833971202,1.6230548816289498,1.6148504885724773,1.6199963557908044,1.6196614681935395,1.641926421407821,1.6469737726420075,1.6693158584684467,1.6726301345953465,1.682641206959913,1.6772672827898776,1.7013414683449402,1.7154662437380845,1.7227903011039118,1.7428330416578672,1.7714623743937838,1.7716904476199211,1.7789660489819783,1.795238651093837,1.8116896876539026,1.8326070132370853,1.8497979018087862,1.8692282797140916,1.9136963269905491,1.9133849508275729,1.9647748492908494,1.9871644597042468,1.9964081165041823,2.0371006507493936,2.064137231195715,2.1039928002426174,2.1399477838358463,2.1871081798319625,2.190976234066158,2.224545959128231,2.275074562483302,2.3162779098645765,2.4057203014093687,2.4119231140232995,2.490851558202947,2.5077488866201394,2.581474724017292,2.624785284644557,2.7439692990692905,2.776652822161155,2.859147442567562,2.935635978529833,3.007304503921775,3.114358855989355,3.1922735536269307,3.310674188029059,3.415830216315201,3.5365814332558374,7.672886613226213,7.682357832814997,7.625175343757829,7.59046761479808,7.5292691110557,7.498792937829278,7.470616921227883,7.423185075824547,7.377376634823411,7.357351505001459,7.285193112624331,7.232655030257844,7.189524209725904,7.102800455294007,7.069755305462019,7.009538145023488,6.9479919532819645,6.849922774217126,6.801525507651993,6.730052961757923,3.737950241628979,3.3984779079474867,3.1889636322592825,3.201224925480929,3.2145642055712544,3.229003190499267,3.2445656310158197,3.2612774092060244,6.034748327457643,5.949432448712952,5.860838568518112,5.753233727000185,5.687717495872061,5.58165869772489,5.503657841096766,5.412236352210067,5.293244159607373,5.197501094818899,5.113423962228034,5.037526572240258,4.919986844461083,4.8023130827522476,4.698881335660437,4.609334453975883,4.494321524005622,4.403681061365254,4.299547821815088,4.149424868988771,4.043030368414277,3.9151571736400905,3.8223703117931813,3.721084199080201,3.604746533615713,3.487991474662538,3.3787476066553377,3.2479107771337468,3.162512596566812,3.0704880932643452,2.9994450662883754,2.9305211616931,2.8435258748599983,2.7920848755529417,2.7318875231140676,2.6364362793796903,2.603881177288411,2.5297008477255614,2.517482613561146,2.439782638066794,2.392715223233171,2.3239687006698335,2.313981185037165,2.262270149991753,2.218604765094938,2.206914893401721,2.1456710312353087,2.1448575265982925,2.093373224098212,2.0760403129863985,2.0510625851319144,2.027485307748093,2.0092599499523978,1.9566632143812572,1.941343336870502,1.9128096863522843,1.8969025690612102,1.8868913947972386,1.8450718134299309,1.8649517588166844,1.8426289966306655,1.8248052353277397,1.8103404221913002,1.7902581396674127,1.7814296956421867,1.7694459382266468,1.7541954569440714,1.7490354727668151,1.744426022138769,1.7156252224098518,1.7025510030314037,1.6886585540560974,1.6949882591085808,1.6748904397622513,1.6860765813940521,1.6557783900173562,1.6652232777976157,1.6583152700412296,1.65942605309757,1.6310486856903454,1.6433346693839777,1.6335158083883545,1.637014543437896,1.642041370043041,1.6434750813869186,1.6291805809525604,1.6476278006456446,1.6319388623100115,1.6436503817451715,1.6385716330388622,1.637438176871895,1.6400323896919522,1.633921213330241,1.6366264623505802,1.6428380940896288,1.6473759229267373,1.6531640628179494,1.6477193789581646,1.6642846067600192,1.6696475061263496,1.6685157373897161,1.6878657343061196,1.688634880924426,1.7046856842841027,1.6861205842716682,1.7133961248957237,1.7058841721526241,1.7422496530819722,1.7463496850486782,1.7710160074427377,1.7594228526886702,1.7844912910497477,1.8126776906284106,1.8348119707578023,1.8381009285234862,1.8461050342608856,1.8592512555520797,1.8768510258051396,1.8988392936405036,1.9226910914128093,1.9377658861775997,1.9652517737836526,1.9697827999825734,2.0007882371212604,2.0306433867403038,2.0427514391684953,2.0780740255458903,2.1257626284181104,2.1354212285054333,2.1630729213270747,2.2186975098660113,2.252921840705091,2.29546690957589,2.3360581426230413,2.381028791307101,2.424143891574575,2.487573546434663,2.5278870357039462,2.5605154606888942,2.602368797654509,2.714964258752856,2.7498566297111493,2.8298428356235807,2.8947557152371792,2.955776941349968,3.0716103334098923,3.154943520450882,3.253647029739897,3.314497264441201,3.4309098195653176,3.5646475724195663,3.678967622303846,3.821825104389806,3.9530818238837035,4.161080430829447,4.264164344992416,4.51608257184898,4.66406863512895,4.952944070441261,5.2067586886365325,5.478967151705114,5.845640093710093,6.167046001708149,6.648106031078616,7.0903906901843925,7.685660013532209,8.29063057912475,9.163051658509763,10.24449189773542,11.32437120738672,13.021091798067712,13.978689645209021,14.584261677642326,14.952717294610878,15.3274120462839,15.618443740669939,15.923840144499763,16.176701058523303
0.9,-0.0026711244020160576,2.0,16.62611102185385,16.791727183355082,16.942518279632242,17.023553892753593,17.12977261058212,17.21861505018733,12.370873574268042,10.791430343009145,9.75473437041132,8.76269111037682,8.040847838832283,7.359718807819357,6.862680842764738,6.344513147808238,5.979902090733327,5.604914582851847,5.248258463599014,5.00007860437068,4.749040279542939,4.514677280114267,4.308841896059783,4.135465420234562,3.9611480675987547,3.8230901438116454,3.6888590467997897,3.5282446242754184,3.4253063279347193,3.3121595779192194,3.199180726741251,3.115982754083396,3.017603359414955,2.9283490385861684,2.85599801659551,2.781499931055568,2.7245758348777294,2.644431340256549,2.587817321764157,2.542108097402466,2.4739070147052975,2.4084625294287965,2.3959096209559676,2.344975259343965,2.272471683725412,2.2501097772557057,2.203659472384114,2.1672888796082863,2.1499449319575925,2.0907842947612028,2.0933442779454063,2.0373590172658687,2.0281478690636634,1.975504743414458,1.9765634660151103,1.9474501243496762,1.8884804880240584,1.8695809363720741,1.8581823481412794,1.834349709967096,1.8171623790204516,1.8025507608268976,1.794391756208531,1.7684803613381148,1.770400931675438,1.7319424492415252,1.7309364777081075,1.7243988666395442,1.6908954042063864,1.7029104319316815,1.687416929691708,1.6474079601294345,1.6774125885561253,1.6581149833742033,1.6504059437992262,1.65225757975767,1.6190897608014485,1.6226896617377973,1.6261054879108092,1.61532034413452,1.6026912055071805,1.5942718042120916,1.5951565220311696,1.5832191985279815,1.5736272785456227,1.5772917560436042,1.5838674431027744,1.59844430867979,1.5863389066083442,1.549422434955504,1.5876777848071388,1.596421989082252,1.581356995762644,1.5892320801912723,1.5833426817574967,1.5738689814459073,1.5806163354330984,1.583924009684251,1.589405213195884,1.5876273266190168,1.6078136600586994,1.5970307868820826,1.6014338593190323,1.596983850058637,1.6309442984218956,1.6201216754824568,1.6469186211612472,1.6419975638735962,1.6390013255152291,1.6565016311031087,1.6678019609683779,1.6874109677946059,1.6870072741526356,1.6979792671570937,1.7210104766854835,1.716361895417019,1.7400355975592294,1.770944026438015,1.7530784383082167,1.7640648150579599,1.8179811348025958,1.822650484220806,1.8473054578886552,1.8622152928702465,1.8881771462091297,1.8963147106158047,1.9301536551961194,1.9458273287151118,2.0017267628393154,1.9954607798162929,2.039813742741099,2.0576932321267236,2.0631181016170896,2.1155054198207472,2.168724618393744,2.187083664393501,2.2375760279454706,2.268201639148651,2.3308873859910424,2.3636766498432236,2.391302502678174,2.4501914728943923,2.5065682523922703,2.562705341104155,2.599716933431494,2.6688442155380434,2.7703817752474102,2.8159394981260455,2.8931899043964293,2.9767436822779474,3.0786249527783744,3.184626761831114,3.278892306329408,3.388170809606474,7.538897472637183,7.500671300887151,7.4655693441208415,7.45966443835974,7.421119320473665,7.36572424205868,7.312274785117745,7.283313676412115,7.221217723243867,7.197479124061388,7.136642882737867,7.099815256271799,7.060707133779057,6.9867500403366005,6.935270656400795,6.88548759853156,6.805001825770631,6.749350970398384,6.69785558140941,6.616735762678157,6.560472225489694,3.5211366760425284,3.2411427196345817,3.106719918655857,3.1201749941783983,3.1347064987100177,3.150338466468838,3.1670970479559504,3.1850106210486744,5.889566251486376,5.812026898907309,5.704982551012862,5.637286702962665,5.533850861695627,5.473531535654025,5.375536209263142,5.306744519628125,5.2004905907576715,5.093046840026448,5.020178360853857,4.921379031221311,4.820573864168149,4.727858472311817,4.621021978080402,4.51626717181298,4.441996363464244,4.338810414313138,4.210116433304894,4.133250129947242,4.0306591321160745,3.9216841965599945,3.826378134846659,3.739849175940878,3.6013505494277087,3.5416385360550846,3.4241889300716104,3.3316142825175894,3.179935295862643,3.096174596173055,3.0374471256572355,2.9294682515598804,2.9007982665985828,2.787594919338806,2.7487956793317405,2.681729477465772,2.6194966935972093,2.565518884785144,2.4932934135975584,2.464455430944646,2.38855925407655,2.346242491172539,2.328575743402732,2.2825945235594816,2.238832726985581,2.2142936187291986,2.1898308698903963,2.138293509555062,2.102460659034242,2.073131471803214,2.0570468974881697,1.998953103918174,2.0088780060690397,1.9825835812718222,1.9609716661962937,1.940953084313024,1.9121201421933511,1.8956995454833325,1.8726383444339865,1.853378488053423,1.8453286952435617,1.8270359097748226,1.8133189606518652,1.8125468322833862,1.7896481205059755,1.7617252467233928,1.7601290483599337,1.745169655163983,1.7288472611059151,1.7407467116437816,1.7045859810846073,1.7128912253227406,1.709037761131023,1.678883983502204,1.6822710154389156,1.6496856237366264,1.656477978036048,1.6619444170454343,1.6520158731049914,1.629122843072938,1.6501348588154285,1.6400285601603644,1.64048063162792,1.6387372802680396,1.6696841162027292,1.604807382784253,1.5899803785295543,1.6296417916897759,1.587461640725471,1.6161669758402337,1.625880054444074,1.6465995004519594,1.6291357718391886,1.6283204603683041,1.6455992954285927,1.6400300869518825,1.65525524618998,1.6400094090393966,1.6477157227786192,1.6718106215693511,1.6562592764228479,1.6818530528493052,1.6830038327555188,1.6805869689460138,1.7100571189816112,1.6920730199958889,1.6913532559379896,1.7210973858738379,1.7419469357139883,1.7507060192713908,1.7757972070653092,1.7767596074950862,1.7776053063109305,1.7882264983667902,1.8334409836790477,1.8327939716169963,1.8339834586691661,1.874111935218958,1.8948631781062206,1.8931072797809378,1.9177299333539124,1.945909936753463,1.9573319922700188,1.9938416139138686,2.0300109072063917,2.0305111605106676,2.0864186565295215,2.0930559236818063,2.1451877606281085,2.1429585646558857,2.2022302697758436,2.2358465097065707,2.2843197533616673,2.2914311480290066,2.3729402151248533,2.39919557944619,2.425068150764284,2.5038003444590644,2.5415039073967205,2.5892526264263958,2.66174414803161,2.730262862604447,2.7926608894647242,2.873295430723051,2.9541579116425853,3.0026314045125173,3.086297254742634,3.1669553697755606,3.2806018463678313,3.3659157861990416,3.498923173657819,3.606821009847306,3.746105545082443,3.9029704224730133,4.025056787653615,4.216767517451911,4.381569644113295,4.602581716780532,4.811175759790337,5.048648818929311,5.28705266014154,5.624186738505144,6.021472998311755,6.387048829246082,6.887011768822692,7.331313986997933,8.023718252142087,8.673950204529957,9.643199959072264,10.619782365804127,12.06645217210714,13.780025263677745,14.426008434179295,15.008903606479711,15.3332430042439,15.681281611694546,15.974499802164535,16.256697526229438,16.45141520731736
1.0,-0.010675599555989429,2.0,16.94348035066476,17.075073781569543,17.190922363102906,17.308655442793704,17.41122778131597,13.435805554981256,11.595019775576512,10.37771564644692,9.244351767643154,8.325358765324838,7.697220211575201,7.050887987875847,6.624377612240297,6.1469551045064454,5.823792135503472,5.444623604039046,5.151329126505276,4.892667940547993,4.6148363580153475,4.416153009074044,4.236922252223586,4.066980230909541,3.907833487417934,3.7594598748123516,3.622006023493354,3.4757423337727467,3.373465368763619,3.265808913320706,3.173911802730631,3.058075412809892,3.005790922121866,2.9032978336701354,2.838045916345372,2.7566730968642594,2.6664017962537434,2.6375025435198194,2.564733901378676,2.521393063672623,2.4622994369675943,2.4269255988141434,2.3662876239529846,2.3351596707315747,2.271277015672091,2.2225627798112626,2.2108035242798167,2.1507339066714186,2.125365794283935,2.0981402136044336,2.05831004958472,2.0523901746762165,2.009960253625125,1.9755016950481892,1.9642839940637256,1.9107101528752273,1.8878210732437908,1.889995765956794,1.8649613607365048,1.8364530197889934,1.8186454379619257,1.814232986078668,1.7810899272965977,1.7593692228886395,1.760335978193596,1.7171172795855987,1.7305592498232019,1.7192784731384518,1.7130245072472023,1.7021017213587695,1.6936672085946531,1.651922722930241,1.644708837319164,1.6593799356871326,1.6704306044998234,1.6424470851803965,1.6272539487269901,1.6227108592776858,1.6177463917304635,1.6061893202109734,1.5943082635975592,1.5921967413650644,1.6033087978833904,1.5776529810312723,1.5671929647316067,1.5683971303391928,1.5712907278309962,1.5763909354952408,1.5626636764337327,1.573312752017607,1.5777106042200881,1.5763602297741381,1.5802378111011242,1.5641491959003953,1.5809469549598614,1.558209395833793,1.5851264258247009,1.591136340442828,1.5881699434427683,1.6085940494236823,1.6007498022635143,1.5867342869470515,1.623633858933963,1.6217908309505653,1.6078951763554181,1.6561319295481194,1.6492200382681075,1.6342141584889511,1.6742815704899794,1.6617807959017814,1.674497246325024,1.6761201758537512,1.7008837316124596,1.7213767829675848,1.730630449609624,1.7217724568942925,1.7553866361025554,1.7733833586873289,1.7905635269630489,1.8059776291966296,1.8248897695311748,1.8522470415507513,1.8450864198502521,1.8590537032035128,1.8884303488294902,1.902675804625647,1.9549580551233179,1.9730619573811057,2.0041699206779953,2.045720238940497,2.0726557649340123,2.084959809731543,2.1198638868930963,2.1510605829272196,2.1716546861592216,2.2012254084565064,2.2614774595206413,2.2986866408774755,2.3449890852999196,2.3855080924861607,2.436020855537591,2.50641411281808,2.5672921260038226,2.592721772411378,2.6767009702885116,2.758753977268285,2.7978805443250483,2.8645402432635505,2.93920812581916,3.038465780351292,3.124579888452223,3.2848848648627555,7.367851173493024,7.346167733060647,7.325595271670649,7.282270399880621,7.25204756288215,7.214708995318993,7.191894497898711,7.120938596844625,7.090387415674779,7.0439011753749545,6.9836980333097145,6.938966990497449,6.902039732371053,6.857879712404916,6.792555184878962,6.7563712794236785,6.682338508703592,6.605017374133698,6.578267935403968,6.502054046235351,6.438219155469987,3.571465912550637,3.297494394849828,3.0634285450727625,3.026476880406832,3.0410093773812346,3.0566180305930923,3.0733290889914118,3.0911710084636193,5.811078885214882,5.701798251062917,5.644259884858121,5.554025074177517,5.497294876418043,5.394098125637163,5.305104287337304,5.226704673637568,5.1429582067903485,5.073941471895365,4.9397731854370726,4.909395704546845,4.804235159151013,4.713923370345436,4.670943470713546,4.523613097912542,4.4523967549214,4.320186372407279,4.277588296300499,4.146220808595447,4.095620031768366,3.994415237153981,3.9034707726056306,3.7927107464267276,3.6981274575909535,3.6131572825314056,3.500789099585101,3.4263510843829748,3.3342290272125683,3.2367167634537224,3.127242663321763,3.060089177269323,2.998621166410425,2.9042440772216285,2.824046640119618,2.7524538864318604,2.6890394551372077,2.63767618484195,2.5751415866531815,2.527835103543775,2.4641931581140817,2.426576331654602,2.3861875686293628,2.334614231293968,2.2886552719738997,2.2565879154864796,2.203721879181089,2.1788444865728662,2.1367694048035633,2.1191343305704655,2.076177222560891,2.0608633805172683,2.0403244386963713,1.9849046186188637,2.0002619916241,1.9577144580811505,1.9552635126004325,1.920102260472075,1.8965317290427222,1.879307677129957,1.8637791946042013,1.8375109649660422,1.8360662512714887,1.8042270184399516,1.7780892706165814,1.7754019726750059,1.7793420484698466,1.7361860954075086,1.748652359351739,1.7421921415662696,1.7283811095510264,1.7149066360104088,1.6956208003536368,1.6856077364368693,1.6728204710212369,1.6866839063498287,1.6440601466729976,1.6525036334355678,1.665294248648146,1.648477680838344,1.6308563632192865,1.6386469997280468,1.641113978068663,1.6581976152232225,1.635025939299337,1.5956335629717833,1.6253150865628947,1.6097542417676831,1.6326103772958682,1.617880194402595,1.6267550927299341,1.6157131438905907,1.6121423739017087,1.622813777273735,1.599747683657328,1.6559066072649489,1.6310614675792554,1.6540282886069884,1.643296246342901,1.622817862912962,1.6410785696303203,1.6711739753981916,1.6407746912759986,1.6627994614866908,1.6749888695158597,1.6830847028837628,1.6972751991593438,1.7070001227205682,1.7042454511022733,1.7194489169134446,1.7411203995979079,1.7472687686717434,1.7441477627388073,1.7544938367345113,1.7846422737563978,1.795668169754966,1.8100744106494073,1.8344467451307844,1.8563438822607459,1.8741711536854673,1.8780668101221727,1.9041112292879319,1.8993719943429654,1.9613548468811037,1.972200889343498,2.001867058200231,2.013270302507892,2.054354913106626,2.0749890017644432,2.1006915693377866,2.1280882870590623,2.184297239749185,2.211715500278596,2.2485070835487266,2.270850518661195,2.317234983437242,2.364094898722858,2.3920196557913918,2.458922545928318,2.499331836954124,2.5831608611815704,2.6266386193632063,2.676606867174318,2.743848462731566,2.809634914546979,2.8758358628977363,2.9478683899539524,3.0299302364530556,3.1331312637571975,3.2162423435609253,3.3096123677939837,3.4152330853873614,3.534932019197247,3.6621226395495943,3.8104233942464103,3.9504197281891207,4.079500494456086,4.296545680098009,4.461217232119401,4.704370162472118,4.892132657508809,5.173051095400268,5.448273502491695,5.789503454733486,6.210757285147312,6.602530789982234,7.124287487264408,7.631855146317485,8.360940726810291,9.103526549546244,10.159182961153574,11.262591114077036,12.933178337717793,14.327069306834089,14.88254681069058,15.355460471681017,15.685059195397791,16.06049394338436,16.294992646256166,16.549410266793856,16.71729864583772
1.1,-0.01894391579982423,2.0,17.04533811821556,17.2409361041453,17.344867003901026,17.494277698267563,17.579395050424264,17.65634448947856,12.486983918949246,10.847872266021298,9.825466140543254,8.79949762422167,7.983653298966785,7.39366403435418,6.796164174239642,6.3800279497052585,5.932472505325127,5.634676749811128,5.272014269860839,5.0590070870635415,4.7511215446141,4.508687581148896,4.345964128206332,4.118687851266166,3.997838981891668,3.8152437939548385,3.696738964478427,3.5416946846298445,3.436068496102452,3.3195098886548626,3.222330188296429,3.130182298179928,3.0166000143791147,2.9603558335919784,2.8510283661244817,2.804890632391361,2.722297152925802,2.653130983407893,2.604954991526546,2.5344903430696375,2.505568547665938,2.429831521301626,2.3850683856981556,2.333630634420002,2.3041557424007957,2.256974187207266,2.2072762432819983,2.1782387666508223,2.1360538717539708,2.1276991967206293,2.0825699601652206,2.064987884866378,2.0253529629425904,2.0042845989855005,1.9542467888130555,1.9353960966964534,1.9200557353416359,1.9172700933389613,1.8710841749996372,1.8496490298208437,1.8450248239133458,1.817642122484185,1.8085456534860915,1.767572109566894,1.7924859426270707,1.7672821724573649,1.7455020516052606,1.7225839824610443,1.7108735925828222,1.6960409056899253,1.6787905793656253,1.670717276592156,1.664860799180688,1.6583643764481009,1.6510147924262488,1.633751436350831,1.6419203184870852,1.6139329138350496,1.6221141595575919,1.6068099111793663,1.6277670461834726,1.5908979613922192,1.6028138373239011,1.6017744972080132,1.6206162929909769,1.5991639492820118,1.582489429103505,1.5755563487966422,1.5849970740110901,1.570674901915315,1.566378839602234,1.5554578340950347,1.5951846705550488,1.576855733703835,1.5751257425662315,1.5866296811202258,1.5865258179518085,1.5966937646929262,1.6075707127413332,1.5807437867172416,1.603133082597404,1.6133066387426882,1.6333101508694132,1.61827112668154,1.6183325902913162,1.6431615800823387,1.6346223121078318,1.631915750365743,1.6384915450885462,1.6556676997417439,1.6813109299813696,1.6714339578668223,1.697918677292164,1.7236369379615761,1.7204198758820775,1.757408100517189,1.7617802074542206,1.736074475606726,1.779691767632905,1.7895973634761047,1.8178848370794938,1.8467104917892594,1.8727027140973782,1.8663220830825489,1.8987076888098957,1.9175564539786853,1.9546460619886792,1.9573319126149067,1.9704433776386678,2.0043118976586975,2.0442042618394543,2.070934916383108,2.084082593335267,2.1254159947730367,2.1813679020028527,2.2186118447034398,2.2578807237683587,2.269386763456476,2.339804096073756,2.378669197153515,2.4187010710272276,2.484741460890572,2.54104275039697,2.587545136101482,2.654070538064949,2.7330938568449943,2.7993743442515537,2.8578806058738677,2.918963980794739,3.0325594894468764,3.18573876751501,7.213693168946687,7.193743542798618,7.166234881127669,7.128020840874522,7.104539664941034,7.05015851668946,7.0295039065861955,7.0161056599170735,6.97333031995083,6.892367350461851,6.844634000745203,6.819932062765475,6.73592565675743,6.726729876456358,6.668751230550694,6.605613517652613,6.552422836421208,6.503977870008458,6.440102273904987,6.400555079196485,6.329604486055916,6.241598628375713,3.3099778762550067,3.0917419212808537,2.9314012804025444,2.94646413059994,2.96259001472182,2.9798063982945315,2.9981429956274437,3.017631901596732,5.620461274519421,5.563478362564636,5.492478933471336,5.443922220872493,5.335570566550539,5.269036635835714,5.174347876542218,5.088559405314488,5.009195568808086,4.928065735012489,4.85276672367844,4.772591103188027,4.704726997633349,4.601251861462896,4.537570391268775,4.415762480068184,4.3815889401435975,4.2822383761007154,4.175390492403385,4.1007735363299025,4.004425192922032,3.9418805435706914,3.843919768168334,3.7428463711176883,3.6592580167011928,3.5778766429580413,3.489611603095897,3.4068487730688126,3.3174103688912657,3.2358002681299185,3.16824586891317,3.0905935454630966,3.0035139467295595,2.922515364599983,2.8247571470194757,2.762715115163122,2.7243837561603614,2.6481687609607794,2.6122993763578095,2.5350773691993425,2.4892768279595385,2.4358170231948844,2.3998657128373226,2.3419556856248653,2.2881322545683105,2.257701168616069,2.236636696693465,2.2054216995906932,2.1670931198169754,2.1337874772018077,2.1087555387633476,2.0540354298691264,2.034484178286076,2.0143563659680095,1.9860325830670276,1.9575971545437867,1.9322421885499843,1.9206839771167836,1.8891616031728435,1.881088730362118,1.8660786720453977,1.8361983433149298,1.8341660314520938,1.8108551608476389,1.8129770432446295,1.7701438327228407,1.7633582104289793,1.7512216090055386,1.7586098930764105,1.7092400463951867,1.7276379624224958,1.7088703369757732,1.6839532858958817,1.6722492516861949,1.690167297198867,1.689447450021421,1.666861371468714,1.6557232126035688,1.66683823444736,1.6435565430397494,1.6257610275075216,1.6392478748559594,1.6429597928148438,1.6307754620181067,1.6038867125758864,1.6176202955253367,1.6120089567656235,1.629709946933321,1.6381423919733413,1.6111316690263866,1.604973254604404,1.6254637588412135,1.6126862996800553,1.605911520413406,1.6179729058203018,1.6375487671788438,1.6233866307020592,1.623602923379974,1.6323662228041707,1.6191263793357047,1.663271344007381,1.633558729206759,1.652064107043802,1.6688771798449222,1.6510754820272182,1.6919095009582183,1.6686826706567386,1.69456102149266,1.6999283121675395,1.719997594201841,1.7097928709038637,1.7338526818856035,1.7418005470924816,1.7500188767311342,1.7841944845895552,1.7845858689423262,1.7999876816298979,1.8225409526558742,1.833411647518804,1.8836618512135814,1.8700442611168289,1.90348650220735,1.928777676429326,1.9372471774318314,1.9472199589639119,1.9818263245074703,2.0176603315131185,2.0549829120744056,2.064835405774071,2.073005575990902,2.11215156218859,2.156520932505801,2.194703240532037,2.211726281878641,2.254733911812835,2.2991142942216602,2.351385994424153,2.378734465016489,2.418079464242137,2.4731048013324566,2.537410100409452,2.578501447312269,2.6510857906615435,2.707928983125459,2.7785591403273937,2.8586718052540814,2.9024725464626284,2.956183161776141,3.0953408497507673,3.1921671306731128,3.2781485916888715,3.3645808213723365,3.4480115743659656,3.586365475014825,3.721692492667559,3.8673196139308663,3.976038544940423,4.18333594165209,4.382264237009416,4.5603928192040435,4.801159131948199,4.995353492758215,5.318845661656225,5.595016582936166,5.968732058780529,6.33512789304133,6.813030891429142,7.3844837468191376,7.960013467805918,8.764624280966625,9.582790756261868,10.765114980667823,12.018857290040623,13.963147702859668,14.725277553887087,15.319465113938705,15.764284991279482,16.092028695771727,16.381936759262317,16.623419619897586,16.867086915776113
1.2,0.01166182590584106,2.0,17.155656514873876,17.32003878776517,17.462454743525438,17.63143147775322,17.736333142275832,17.81842610913063,13.14495548632889,11.354520716567658,10.231424234433224,9.120348131574739,8.391705606493712,7.617248895976133,7.095502245832945,6.564358936401873,6.108842607253727,5.757723004535754,5.402970952034588,5.137958793202771,4.859425841134497,4.657034612640494,4.416844352458874,4.256082017897952,4.056430772790749,3.8827002069235106,3.7435124163445015,3.587820494138141,3.4925646547946556,3.3611407501505117,3.2722755951859304,3.157597307032274,3.087989631319835,3.0012602945387954,2.9086103458131243,2.835184757843535,2.770602137982961,2.7044998196533196,2.6042741023098444,2.5801720020298213,2.5292398238898524,2.45732966308392,2.4030920327210827,2.3509300228436394,2.3218718254484405,2.2733154889610803,2.2382635705615024,2.189874726523481,2.1489273579789514,2.144731783400314,2.1069228926923946,2.0400810761485633,2.0261789630581357,2.0186322750636267,1.9953470517663925,1.9679168469400505,1.932004467848499,1.918548817255831,1.8910392217888194,1.8581420843148633,1.8363698777523958,1.8215989242369994,1.8137662271971702,1.7939876940795434,1.7719218127948098,1.7721293713804858,1.7235658562874732,1.7371292187706462,1.7169874147169057,1.714832467873113,1.695934250866556,1.6734635196295828,1.6712066901199976,1.6535476223030212,1.6467127819929872,1.663551382135692,1.6532672605747416,1.6392855208278032,1.6142878659335989,1.6179326002999772,1.6261416797215527,1.591450130599041,1.5869117936736001,1.5969003106223227,1.5928399499302535,1.5945268128540702,1.615120030948346,1.5818599544099399,1.5857213035650055,1.600271684328802,1.5771717224673958,1.5908466667927226,1.5718825379229988,1.572271996667629,1.574397966589721,1.5661361162237606,1.5866979795751783,1.5960543255199293,1.6015072084972297,1.595657067669749,1.5834365401715136,1.6023873287429231,1.6336177136890526,1.6055529509109097,1.6132451649860773,1.64576532069232,1.6428662840112662,1.637517963181779,1.6557808539014243,1.6537879992719708,1.6854444958280894,1.6756640120416197,1.6895774662781018,1.6981203118777257,1.7217839340534384,1.7213992567146774,1.737478583945428,1.7622675131972416,1.7832480159749107,1.7863655208620532,1.8100054252544575,1.8170647214562157,1.8415597734263058,1.8764247903305264,1.8760764224445836,1.8925032246219082,1.9337673807715974,1.954784361357196,1.981955215096608,2.0055691328734877,2.0413053456954047,2.0577784944582422,2.099885092388123,2.130207649551673,2.1645732608167827,2.1886909086054462,2.2302377428777236,2.277537287301896,2.3044744120760488,2.354987692886518,2.418423857148179,2.448736115789285,2.521644825332306,2.555256356258883,2.6269191281146047,2.6776497245318627,2.755955426029147,2.821386390793766,2.9524558460187427,7.107384290615707,7.061008806895613,7.0365876085658075,7.014966281327361,6.98517059447944,6.932978110558365,6.91453881455768,6.878762192775462,6.823427094921808,6.806696550736077,6.738498922689147,6.701338730999605,6.654975960957142,6.623777604696211,6.561403413093278,6.530808567962404,6.479166009435149,6.409872204701386,6.373036845431958,6.294288773174194,6.245372665699455,6.18393714985586,3.360798916685942,3.1856494695141793,3.028728916268407,2.8873805205370346,2.844517644242276,2.8647215121586656,2.886100194077117,2.9086933753993454,2.932543745988958,2.957697213949357,5.489853200900511,5.375549627830586,5.316105214217501,5.24664410074652,5.162209151035092,5.135091331367429,5.04070333600063,4.945301170701056,4.8699314078402995,4.80647268442812,4.749823990763116,4.634930519001221,4.565375470924926,4.471975725040679,4.3985804308904815,4.33078419017744,4.266226926385097,4.1888155325497,4.098524861276839,4.022600029364568,3.9353690376477704,3.878970325089647,3.7807205517923967,3.7123223153752205,3.6145116617500985,3.555589944895583,3.470267296297513,3.3847756465372782,3.3265061309708055,3.231755015994192,3.178786744433383,3.0982620383506667,3.0234188620570865,2.9450131863498594,2.881289088823315,2.8007340863942396,2.7332071208603144,2.6923753046218186,2.6101410671649794,2.5767338738926777,2.509849743800432,2.458753537949419,2.404005674995599,2.347442839539341,2.323485976055408,2.2705824690051015,2.231554578587981,2.1934855138097733,2.16071328927389,2.1651968626658853,2.1026198442083053,2.083175881846019,2.049382761568487,2.010782926224341,1.9962835119135869,1.9588310683093466,1.946545470158866,1.9428005157743318,1.9080674869499352,1.8745707310299804,1.8694864212482805,1.8531588059082944,1.8203395729500995,1.8233973676953195,1.8314993418579966,1.7913081254422933,1.7607684734172746,1.7633511574141167,1.749176560831334,1.7201722621606492,1.7115902892955204,1.6923139345336844,1.7052989965359948,1.6861836013628149,1.662133510289708,1.6688269650690581,1.6576248423367852,1.6582526067619603,1.6488894325433416,1.632491365640425,1.6478095789332619,1.6482703347961183,1.636124288926356,1.6085436101663275,1.6246950264669255,1.6301873527046231,1.6209321336562845,1.6020280073426887,1.6087364104695414,1.6171973868811014,1.6392301663845914,1.6063054802163195,1.607945187091504,1.6054455628017308,1.630272138685739,1.6346360581520165,1.6143757690649472,1.6205736709487013,1.629564353409879,1.6478571428845492,1.658287840525285,1.641078722743237,1.658718714706138,1.666284230236257,1.641316399335759,1.6815517022402184,1.6686237770619934,1.6901004148184837,1.7027471812049946,1.6957804348099743,1.7055186658930364,1.7241519676776662,1.743447919334003,1.760297291190524,1.760982332038549,1.7837917178890168,1.8012610494518875,1.819715247380537,1.8384019568924492,1.850102832234232,1.8775390059350145,1.8688005056202908,1.89881087691742,1.9189435765135325,1.9296589254484655,1.9608858401200915,2.002201837770733,2.0251669603163003,2.05982042391128,2.083400741223252,2.0987259567981655,2.1079819300452773,2.179386530923222,2.1911882386623347,2.2426126076031556,2.263447408400357,2.319597730456857,2.3606367032916302,2.4014154552808398,2.4511475495886286,2.494768180207468,2.566864138161225,2.6114271933403144,2.678258708804589,2.7371792395914074,2.785158661063099,2.8927959711522133,2.9285301293645016,3.042778496162393,3.120375816911463,3.2160393162706136,3.306512732262901,3.419703417790336,3.5367334990184562,3.6641582888417634,3.794217228548994,3.9424342708915905,4.114524757143471,4.278599170496132,4.483521129710605,4.671142836169831,4.905491651303616,5.231831195939443,5.479269938546057,5.8355704459213005,6.192339852294992,6.643200022036501,7.077259084511163,7.71811139055343,8.350194209184147,9.210164916665603,10.327725798711029,11.449112147829952,13.215797109290689,14.585583404163405,15.269102935500875,15.735554284515844,16.11490985655573,16.39239332503016,16.740694582573532,16.98741605541684
1.3,-0.010757126125250744,2.0,17.427820571058138,17.604686343400918,17.763563941949375,17.878310761338888,17.991278017124433,18.0413114615239,12.214086279865262,10.91737723057369,9.678708696872143,8.850337296956557,7.983819221321578,7.421774786067438,6.850429854870007,6.332920895209672,5.993385821092657,5.614958135598084,5.306670452054808,5.017856051945497,4.781245054635396,4.5418843903153165,4.360959889160305,4.1581386068302235,4.008110372204818,3.8471911540482475,3.677103911976545,3.5646673854468705,3.437427495173452,3.3209547402858113,3.220343972217158,3.1392644694314993,3.043526938521944,2.967152306816976,2.882401948031397,2.8102055922281775,2.746286652045843,2.675893664127099,2.6327110340603794,2.5593737919255033,2.4851495325395687,2.438061409838296,2.392687851169558,2.3487300499075383,2.3042551090568093,2.2615953373056246,2.205767668484214,2.191993861908336,2.1636604514626607,2.1132166721112333,2.0963429791140533,2.0689981394154384,2.036012013288354,2.0075755519463834,1.9839241481425742,1.9453416112197224,1.9438884484264836,1.9051684971552196,1.88873043857603,1.8552613525037416,1.8284352620537825,1.8004123253981466,1.8087917491191596,1.7980747414908105,1.775303694007093,1.7597967497868454,1.7189166405287613,1.7301360046925947,1.730862946407104,1.7122460123412313,1.704868753988959,1.6637343949252303,1.6672755576825367,1.6483634100261548,1.6557807265181144,1.6296752138330264,1.646704249353242,1.6398831751192213,1.6170857625681814,1.6078465599582148,1.6190290592705179,1.6224825949084871,1.595063339049293,1.5971555099135748,1.5987367396300085,1.6010908053924575,1.6058759303753867,1.6093204474529843,1.6064694648032078,1.6020128537260125,1.5886722383325402,1.589641881443859,1.5978202341039658,1.5978247015759728,1.610805791444907,1.6066049457426206,1.6179236656167328,1.5919432250057157,1.5812522338511124,1.5965601820653925,1.6405060956458675,1.61696916684947,1.6078174667349334,1.6289572944358663,1.623503078667337,1.6402183590299706,1.65417132674093,1.6606793662192965,1.6378226540555425,1.6801741019711265,1.6618189896591613,1.7137728558175505,1.7066172041040812,1.7270680285071554,1.7374622370247135,1.7326564072540538,1.774245905558214,1.7906721149525962,1.8198679699836848,1.7849210718258572,1.8333340950141566,1.8436517998265705,1.8515359556049318,1.8923319473321654,1.8877642339609262,1.9195559454976456,1.9335678204448878,1.9870269968604786,1.9995575755364436,2.0219526121238665,2.0506276605941265,2.098446710675468,2.1205167496435746,2.1459841692946653,2.18497154761762,2.2268684058354045,2.2453217169618553,2.291704711852178,2.3413909331167755,2.417622600533938,2.4432526131098466,2.4945600212107233,2.5540435994857047,2.608240476376473,2.672463740696502,2.778065056750638,2.8528259696092624,6.971001838051994,6.899186160637683,6.899691621531509,6.8756414363945915,6.8065419302857215,6.802030736772281,6.766657260684388,6.729226770203151,6.695812844101387,6.619903678448713,6.6093550328219415,6.5699387590051,6.505100200017289,6.465351485852429,6.435793753626013,6.376641880439641,6.326980122116694,6.280806255056413,6.215527604292199,6.166137637746703,6.120132377276471,6.058148110827469,3.241699530487863,3.0866293804206544,2.9465747315012196,2.8195001408512517,2.749055311846854,2.7701089807634265,2.792345079366695,2.8158060390793134,2.8405374857356067,2.866588476843533,5.371227568683838,5.283749238647606,5.22709163910796,5.17511709520953,5.103349579887518,5.040791706169224,4.9657768496914105,4.888649048899331,4.817678465091878,4.747486796929995,4.662620606442678,4.618410779030701,4.491755592835211,4.418719143194419,4.363110408206338,4.31046430060789,4.221096566242459,4.185279851332051,4.089652281100671,4.022408164127737,3.8974990451614935,3.8414097579214066,3.786143884772913,3.7011711122117195,3.6313252998439616,3.570743886439634,3.4961189656269274,3.4296988651354963,3.3716376767707152,3.301795176851035,3.234340738312474,3.1496073730815866,3.087483733698662,3.0453353994250256,2.9415501381435787,2.8950411636467965,2.8299270863236305,2.7734721524362964,2.692377221277702,2.637907156925689,2.5785569514398996,2.5185016265169216,2.48511015300545,2.4278684417416287,2.3707125908898967,2.3293094191788177,2.2951848582233803,2.269717073784492,2.2298993459658334,2.187565948393535,2.1463112040394696,2.1259485751068037,2.095497552843341,2.0626565482282926,2.0163420167918407,2.0188328377718876,1.9748866657369128,1.9609977855335003,1.9321064994685349,1.901571204160026,1.8735824399873047,1.8649523813714062,1.8429282720455158,1.8305303758773237,1.8229685003026237,1.7886979293371241,1.7877548204706262,1.7530838278152838,1.7502760203262786,1.7373304214373837,1.725472565537903,1.7021772532472643,1.686382569931501,1.7119611641923858,1.6577212472709184,1.685548508011343,1.6686747361318484,1.646033104917568,1.6654446403438752,1.626134565951472,1.6207413891526696,1.6361081885127986,1.6330731980772557,1.6192845040712291,1.6030923770891108,1.6128553681048887,1.6507729616861566,1.6255909164081987,1.617411681405954,1.6106724363226363,1.6274436034044595,1.6183631683291788,1.609452160727686,1.6228977636080157,1.611463924075889,1.6232404635063895,1.610669595110523,1.6189354916031793,1.6362912789049342,1.6125896002887183,1.6279606033583118,1.643663882497749,1.6487783517124588,1.6446511126177503,1.6390803454366494,1.6629314960997934,1.6663776244675876,1.6736866348506425,1.6775267939349694,1.6778528455061101,1.7006654068255993,1.6892108046216663,1.7338203109088925,1.7190724571736324,1.7438651210508558,1.7635799907692982,1.7475122781755452,1.7890260599545944,1.802550859897948,1.8104375660956449,1.8335057136201522,1.8273125476439125,1.8581030024723517,1.8796729920048758,1.905520150736274,1.9164040076339888,1.9248921304317503,1.9868956520418144,2.0052653689428968,2.0138041385307273,2.06907673698249,2.0830661684719645,2.0922001492112474,2.119739124966374,2.172611025920293,2.2117758411393194,2.2636403513768215,2.2887396453751516,2.3488973565853586,2.384209534532085,2.430316754215652,2.4639415859754723,2.5142003708642937,2.577863964497385,2.6408241466694378,2.6930198513438204,2.7649541902206014,2.8312912529504506,2.91092353803096,2.9687361878142906,3.052701624617971,3.154488201060014,3.2242306674158514,3.3578845326024083,3.4757003759536955,3.591016242043073,3.7230808577860746,3.8622971584935852,4.029199432466454,4.1770923859068425,4.363083072630875,4.541752278882758,4.763290171564842,5.076483394919512,5.293188420809533,5.644567419126191,5.960454092830297,6.374302708866561,6.803766952661183,7.362531699945634,7.907845245028611,8.709855568087251,9.681989760663305,10.722694156192855,12.243684565653131,13.893092839159735,15.132932825321806,15.606181254035068,16.131923298940073,16.41008919197731,16.768526967156625,17.07210592645244,17.243736425913973
1.4,0.0,2.0,17.67381116959583,17.817703921583078,18.00163624745227,18.079920396899404,18.172014732472274,14.350287937134485,12.243542802729475,10.729743586139854,9.694496601204099,8.695708259028548,8.039216484703994,7.338123413411879,6.854777763810903,6.347829712783758,6.000479422707797,5.600152647758384,5.28093374224328,5.025347754085922,4.755357071675821,4.559216551597367,4.333351568121345,4.167029164668285,3.9727051801612396,3.853693038624612,3.6965715019903773,3.5545492041381643,3.4389137774354364,3.3138304160955885,3.233647911408315,3.1547508497385004,3.0722996848847495,2.961482814915603,2.9056346307518974,2.8272413313740765,2.748199218058549,2.6726748301754135,2.6151184940638177,2.56471732400216,2.4944235133511024,2.461001266760048,2.3950050669205663,2.3721338583908684,2.3213150816041517,2.2638937278666593,2.24594554122597,2.1972592128872357,2.160913314134784,2.129528743668839,2.104297617768425,2.0553273351941663,2.0556255032715995,2.0043285437067104,1.9860536249150496,1.9784198655524816,1.949980494148625,1.9141296178299183,1.8836825475457613,1.8576570652013256,1.8451817765449399,1.8311570696376416,1.814510353788514,1.8099512202780483,1.778440227046189,1.7766119295313345,1.7647692072280279,1.7353573881483928,1.7128358485018038,1.7322636353899596,1.692565387895145,1.7050760705877364,1.6702788365022296,1.672457046447829,1.6711823016639578,1.645572204005369,1.631181905477311,1.6404393098242078,1.6170430764153532,1.6216980363086644,1.614464029636698,1.6184454484341133,1.6273383760356885,1.601143398379275,1.5894446158099127,1.5989314114025548,1.59338790690092,1.605400358631092,1.5993504693074057,1.6131034917947793,1.58931236112802,1.5988569303289804,1.5920795749142373,1.5897751881688027,1.6085438518793038,1.602596701354978,1.5959298403671656,1.6074796631187256,1.595824416316584,1.6262725953989101,1.6168036621397897,1.619250193349262,1.6319184672984541,1.6485854488184657,1.6145503922701014,1.6472430087726884,1.6630275332259596,1.658278423248331,1.6946936522411475,1.6766753004804928,1.6933350919423136,1.6872501983305102,1.742897144532583,1.732089177639884,1.7319680486073785,1.7511395720005578,1.773668852092637,1.7691730287878036,1.789890327479781,1.8186430899145076,1.824334786818415,1.8239458556787542,1.886263245133098,1.8869736612085988,1.9198185656747118,1.9492721469393472,1.959248984147813,1.9712241788141311,1.9906517647247897,2.0518056349642038,2.0562208997622524,2.0833675606572775,2.12633939422887,2.162318454750862,2.199610638847725,2.2387066106682867,2.244111615742768,2.3252215229875843,2.364694978890062,2.3821635302303035,2.444467221942575,2.4854550700169042,2.5653941025753757,2.6685636334380067,2.9342561280303645,6.798079014882674,6.78142377209426,6.773249001178616,6.717100132889482,6.673351341089765,6.668294712566805,6.636524246481595,6.601971255713091,6.5611742807149875,6.511456860833823,6.474213869648694,6.449892053565866,6.382871122039429,6.34361621016515,6.289150211837758,6.246642849226473,6.218842710107814,6.155389373595686,6.099410222740765,6.041715711373019,6.003528514857016,5.937328875040109,3.0929735627784556,2.9728255874064264,2.8625026341085342,2.7608861607027912,2.6670218005709714,2.6629425557192747,2.688603554365348,2.7155994809497632,2.7439876712992066,2.773829839605436,5.290607222531176,5.214371716192765,5.171826935077107,5.108899885579818,5.067696767017812,4.963877714715293,4.919062853629868,4.839965037748118,4.760270646552429,4.696696456731807,4.648402458434792,4.549796927785966,4.498924826374637,4.4527813902624676,4.348920900570311,4.293948241690437,4.238314203404904,4.134780569357793,4.060403643569922,4.017422724709886,3.9368395702340444,3.8590632595089893,3.783271562515233,3.7246788963777,3.6643823168008014,3.595611628181999,3.5273481210945814,3.4505620293147876,3.4111948902966756,3.329361844032553,3.2519675044744436,3.1911221896961584,3.1399986903590165,3.0931242722901926,3.0433705450035826,2.9516475911640203,2.9174321639253136,2.867970773869215,2.7981870367123802,2.706024192285141,2.7019065357735204,2.617349964440447,2.588027010672577,2.527422395364526,2.4537346206004913,2.4090356819010164,2.352393831246476,2.318233161221812,2.2827386105686904,2.224500811474902,2.2051528592491474,2.194726087237468,2.138881665664108,2.090039883981715,2.0760327912097782,2.043035262894992,2.021303293769612,1.9960300147899321,1.9616152385689127,1.951508232780926,1.9107303266413438,1.9105325316046433,1.8739830107818172,1.8768983461129598,1.835807971709919,1.8128582201365797,1.8100825959813776,1.8020340659725915,1.7859969503466515,1.7783213926179526,1.7198998098436808,1.7363104520636254,1.738952147399036,1.7385775769233056,1.7046926186839964,1.6823499671340183,1.672822815598085,1.6847314932456205,1.6595959442894757,1.6668403972349646,1.6616993210646123,1.649671814154994,1.6533839361295664,1.6436021862929049,1.6187348026689636,1.6330694917609845,1.6270915637405883,1.6135190211647787,1.6117095811099165,1.6159718361252016,1.6085785255578917,1.594036373714067,1.5904897045943804,1.6013064591513821,1.5951014191981585,1.5955705521972205,1.613109642485203,1.6083947815005952,1.6135161587651985,1.616440568123985,1.6105701534926082,1.6076221542372404,1.6283672314827515,1.6197491848207295,1.6500519391984367,1.6138300168494903,1.6316537899585533,1.6641765572117844,1.6606752143523003,1.650943621232305,1.6909029327019547,1.6857114986957102,1.68658016107705,1.6947600365992355,1.7133110484772456,1.7337820088097593,1.7541126630924968,1.7431862534507128,1.773715801669271,1.7620899642265173,1.8153193322032144,1.7976015350027148,1.819228859718033,1.8423130080758878,1.86403274131925,1.8823414854643068,1.9098387663481335,1.9236005145158102,1.9372105667899422,1.9462099352744213,1.9916281876448791,2.0249114755242372,2.0517861435746836,2.062659647285385,2.1039864609232155,2.1243896629768595,2.166054576638863,2.2028055728337685,2.262541596867906,2.2890270939132504,2.319507993514219,2.380935704993272,2.420895519878755,2.4630679412421888,2.523982399614212,2.584676085761447,2.6231981252383596,2.706906158245879,2.7393955911522214,2.831691008831302,2.902057018394654,2.989195670196944,3.0548627798970305,3.1338667971097336,3.2610948988375523,3.349469756290271,3.46889003246807,3.5790659272831613,3.721396824128734,3.855991100758511,4.005786277485669,4.165048038479635,4.356345755964541,4.580271324092128,4.761034620153398,5.032372098097334,5.271057895902165,5.625109792878732,6.000707290220199,6.365039699994198,6.855880180191736,7.344509943606334,8.024343644255092,8.693631383536003,9.66514141811745,10.691485231140847,12.197133313359437,14.246064538900749,15.26110317356769,15.885949861513058,16.296714908308445,16.70197933590812,16.963680347803862,17.255473782294967,17.44160572723708
1.5,-0.00541300264216566,2.0,17.841839144728887,18.005822871939404,18.144132652632216,18.305297381015315,18.390902599059373,14.391682787249897,12.603045661886563,10.98161047367506,9.91144701436223,8.87822247186747,8.058376527652406,7.4974835108834545,6.880132450985505,6.463981726770472,6.006923551136047,5.677683512363996,5.3247952086134935,5.105949564993498,4.8211397608041855,4.547145836623811,4.366841185236532,4.165850020742351,4.044104516768639,3.8553715519633855,3.7504430388662073,3.608698983706268,3.476177252826033,3.365095039686163,3.243523037788821,3.157870719287517,3.0483552725124374,2.985451859984527,2.894491767021301,2.8354907442686734,2.762238309413406,2.6859755672218255,2.625998295312285,2.5566539068946734,2.5250064307812896,2.4643366693129267,2.408131584037865,2.370940866580143,2.328493536646921,2.265860215340226,2.2396430017545303,2.199995509027356,2.15032263716958,2.132499097678963,2.1130631232398103,2.0708104781779157,2.027806305175363,2.025500237118985,2.0076629563826405,1.9601907952327906,1.9315623698428566,1.936660585056373,1.904355737880499,1.8647595497735336,1.840857256399408,1.8349464272841138,1.821530811778499,1.7761044401989503,1.7795138104193766,1.7877051343698598,1.7617620721184726,1.7351719846566471,1.7234175184262033,1.7115731011579511,1.7027784124576693,1.7034954110691776,1.6806321764508767,1.670774321678271,1.6543865328367702,1.6604573240877074,1.659530946858582,1.6484516896353583,1.6522118876384568,1.6345197098509532,1.6126181406795501,1.6236489479193101,1.6274035469145067,1.620461844415944,1.6039808623884575,1.6080088343846561,1.5954421973540065,1.5940896275419227,1.5824278749346197,1.6043157908386827,1.5879556799787309,1.596499576502893,1.583542342641376,1.5991428476303862,1.5948743489267052,1.5826363427652825,1.580234649681286,1.6055087622788444,1.6246666799111409,1.6340285279027051,1.6287335261015874,1.6201777085412419,1.645185991246209,1.6490669720898739,1.6372492118774207,1.623119793964968,1.6537183280043135,1.6466447018613917,1.6611292529762325,1.6812627839135839,1.6856077934024352,1.7084850602268689,1.7253430224399828,1.7137170436353053,1.727488493451091,1.7422426684073575,1.7684465733419021,1.7822015523553174,1.7769256273551046,1.802950307570265,1.8218094980598336,1.8579280564373615,1.872879328995249,1.9080758545641283,1.9220925623003682,1.9310508102157244,1.9698210801375344,1.9690980572079537,2.0127708611086326,2.027205839764499,2.0619382641977224,2.1074791724437145,2.109524283732379,2.1682941324603817,2.2077694923908293,2.246179825993868,2.2771169709522363,2.316938859451131,2.344946863323596,2.39797861207958,2.4980422170733267,2.571254331432696,6.714207743025611,6.669984205742222,6.629998462996871,6.6107171754560525,6.619511569100321,6.562775890850998,6.520415136308483,6.505761041589651,6.457252979808871,6.434548863208756,6.376637097622347,6.345300177451307,6.290299340095434,6.270227442357607,6.242816886719693,6.180123334185116,6.117031563884041,6.0837182980527125,6.027688425515573,5.977817748803062,5.951712270707958,5.906787376578568,5.832628094328776,2.987287279476727,2.876244134292074,2.7739754905703253,2.679518209383745,2.592045719450168,2.5633676166783372,2.589067617146006,2.6160934263732125,2.6445037456683713,2.6743617914769082,2.7057356854867267,5.150899929603975,5.071883113377158,4.9987634282309905,4.953590623108239,4.898877981306481,4.82790525364786,4.758368615223044,4.709276993511046,4.627001975183313,4.561456890324644,4.507568779675139,4.435228002925191,4.393911581937674,4.344782760919429,4.238839702505209,4.178039419796636,4.124404410510961,4.071274018121387,3.9859628684223085,3.9424632179416754,3.902607202397464,3.8257620397872243,3.7486276541300536,3.6875539408310014,3.6028335160112483,3.527588897606592,3.498631793084468,3.4195792161184593,3.375927172227611,3.3237902521023046,3.2252174807610126,3.1774668180497634,3.1208779739190287,3.064595131569973,3.0119559168400905,2.949060196682848,2.9183217602835225,2.861761633245647,2.793241527948986,2.7482043433527275,2.7118838233475864,2.6575401677553527,2.5731096449219164,2.5655851509100893,2.5234957035641346,2.465992122695001,2.4281968010992343,2.3545880992042645,2.317241680849625,2.286402470497659,2.24682300887653,2.1950485072383596,2.1560647929884835,2.137238480717159,2.0872623586528687,2.0994221577030037,2.041847552461972,2.003434964768352,1.9808069858847006,1.9630123802117085,1.9282744075007114,1.9162833817976643,1.9007278388064488,1.87374055438923,1.8679334256831357,1.8360679974891119,1.8325726636924733,1.7913129328843498,1.785356309612875,1.7825835852842336,1.7796728253261742,1.7212064523582662,1.7607140644806558,1.6979962846051,1.7188438079067858,1.6987141443906906,1.6925058040195955,1.6798045615414652,1.6713348356039974,1.6595249259420706,1.6529184964722954,1.6400870047566771,1.6507724944745557,1.6380547708995028,1.6240789701774034,1.6035818147882952,1.6038212285736213,1.6340589400183012,1.6160789250132281,1.5864035015881077,1.6073577562907104,1.607179506196309,1.5936348096358492,1.596533284491177,1.6175963207799888,1.5924483713640596,1.5968705104070526,1.6024587543260698,1.616569384279477,1.6079828718472127,1.6037566192051564,1.6113360158539483,1.6180538081070703,1.6131871319622788,1.5996372936522747,1.611741215059058,1.6261454660734351,1.6188412317909193,1.6286815005668973,1.6476299491387942,1.6691593980816426,1.6452739569281694,1.6945528429655758,1.6575607496191844,1.7140791702104587,1.706437175137376,1.7168255344866408,1.7427040319492295,1.758538055371785,1.7690563113573243,1.761236488025591,1.7772153364179994,1.7945512920729463,1.8147036454390604,1.8376520904221672,1.8716440289671317,1.8809782509899413,1.889406848341417,1.91920664771281,1.9354706399151937,1.9597558378544124,1.9818805912567672,1.9910158982035935,2.058139728771121,2.065857897688646,2.127289490641491,2.1519104330400727,2.1548635762072417,2.1904257072127424,2.253907071622414,2.278800230747521,2.315421642355689,2.377295498319627,2.385648863858611,2.454876963858092,2.5030688405476713,2.5498998938115744,2.5938460626972204,2.6829963106415464,2.7420630400772086,2.813089212487611,2.882519728724294,2.97166194166333,3.031093626034764,3.133137255378899,3.213204771860341,3.3614494637317778,3.439686765565008,3.551383953692686,3.6924592501574978,3.817949498712145,3.9757839956367427,4.136419904600877,4.348311682554228,4.518885908959358,4.755997641464051,4.994367433625206,5.267561800445481,5.534615920335418,5.910893888857127,6.299834163093444,6.75809260404262,7.319403961660168,7.870165442288975,8.68867311508895,9.473566243964303,10.653055802047914,11.883895223777106,13.833832035315526,15.2095262466369,15.954916586798117,16.480422275554307,16.82376481980782,17.124048883285266,17.398043832550577,17.656702164394606
1.6,0.00824255375285255,2.0,17.898736522636536,18.10826199047714,18.269346541342856,18.413935347345358,18.534560242850542,18.618148234638557,13.653737118366145,11.766504520491003,10.54995785757695,9.382400235863129,8.456189656262135,7.810487705547879,7.177349411083334,6.732074549873203,6.21408242283648,5.887373229020668,5.52520004780413,5.222867654567621,4.944963955412676,4.699857052358604,4.4933345508241995,4.2703049259447585,4.125124712756661,3.9589714355613523,3.823793589178883,3.6541240701777893,3.534866357702172,3.431791106531347,3.289735713011103,3.211264161659546,3.116125816056313,3.037028300649899,2.9197888190200456,2.8827865808200905,2.7934505225147985,2.748261716875201,2.643537953162455,2.593102166176383,2.549788543656401,2.50413304400914,2.4382745849809933,2.410428181147506,2.356887205791206,2.302942600415826,2.266929849502215,2.235255964111315,2.2155462613793144,2.1726805488027137,2.114910618400824,2.0984716157002112,2.0547672430537136,2.0398561255930963,1.9953843555615982,1.9986871010505574,1.963347903684115,1.9442230179465443,1.9081904912335719,1.8985037298615532,1.901474966913048,1.8594317186109555,1.8374528090057196,1.8329243215802808,1.7988017465258863,1.7828986810058853,1.7311313401327522,1.762296249080936,1.7470187091874438,1.71406966112892,1.698762884055387,1.687555885129081,1.7043880107561227,1.6831346202839477,1.676461714883954,1.6567091608163547,1.646636447533038,1.661628759238569,1.647900749994312,1.638652834091907,1.6331390945903599,1.6165828927065855,1.6029899391179256,1.6255365614172788,1.6138779706197608,1.6103106974305434,1.5827091676460714,1.5983758947416935,1.601155704393166,1.6009160662841786,1.5923033993266866,1.6032173619214143,1.6177102107260832,1.5892254372822856,1.5887076694179065,1.6038250041736322,1.5840827570707077,1.611486963221275,1.5929882135363862,1.6146065483572565,1.627672165993856,1.6146369869030959,1.6525947355250878,1.6458504226487152,1.630148694761595,1.647664581466692,1.661854976423031,1.6728429760383885,1.6733731471154638,1.6908495956499048,1.6935131047473397,1.704521063251195,1.7238467880403412,1.7226382817526191,1.7487328656837484,1.7496254167747811,1.7410204282384725,1.7799127923169962,1.8114472431933573,1.8118234950319603,1.8098643477406589,1.8482390770163597,1.8511149614178877,1.8724648025218034,1.8985766072036705,1.9237602938929992,1.9458208724796695,2.0016769781454795,2.002913905591756,2.0039738410798282,2.047283580855671,2.0890473179924864,2.1183014356625667,2.146403280825603,2.166456318231953,2.210521445120765,2.259651378409896,2.3282752352021374,2.4035306867822475,2.58574480224871,6.589807118423904,6.563762990443538,6.556919009066991,6.508839622797633,6.446492005294124,6.44977940279009,6.4022574322732995,6.381167951576458,6.354137971382698,6.301553548160678,6.277026957133554,6.250811698857707,6.218810864278516,6.159679818640971,6.120812205037598,6.098415453449507,6.036351094661343,5.966761207637544,5.944571050280724,5.892169161736874,5.8552008065609105,5.773706856604639,2.932593874058755,2.8406594530720186,2.755127995922645,2.6753880686148324,2.600904298211226,2.531205929825647,2.4658773900122384,2.4729469928142476,2.5041981579639523,2.5370322773035494,2.5715328722642052,2.6077903483873612,5.105572398641869,5.020189042509564,4.965957195024052,4.903080481310163,4.8337174598793196,4.756178053444212,4.739930170933488,4.650142892281883,4.610095394077326,4.533632364797153,4.4885409594975165,4.430736784311879,4.371147324415851,4.3247588243635855,4.213712893268867,4.17430122848907,4.117028553554546,4.048224559817264,3.9655756078805604,3.915092054109122,3.8833556463573626,3.813938672846228,3.749523092702347,3.7218596833125077,3.600659989929452,3.5695304426936154,3.5242942806523514,3.4583656601742754,3.396762714614204,3.335295909347133,3.2889761642459696,3.2425720775435236,3.176872230664999,3.1510471849044657,3.070510328686737,3.0181974820689437,2.958453323744879,2.9225485611913835,2.8578449760131437,2.838362223049227,2.8096798356097707,2.707127600650181,2.7015020111488885,2.62281863551281,2.5950914036270682,2.543580372474774,2.501898253945793,2.46113773287483,2.38959471888063,2.403661694276809,2.346263382384971,2.3137221082151713,2.25884414112021,2.2066818353452957,2.169016529564608,2.161763201118079,2.113796396479117,2.0813542890492736,2.047548075002133,2.0340173654286113,1.9921209391207046,1.9798423888750043,1.9569967996418274,1.9155054251292003,1.8945749964364023,1.880415623924446,1.8626273021158617,1.8330172380159286,1.8074715952763403,1.816966027193254,1.8008812322404162,1.7875505825556282,1.7629422189289707,1.763898768086529,1.739868020837366,1.715888583641874,1.7117444536678295,1.6869414405676895,1.7057706812553566,1.6730038040290405,1.684060653341864,1.6696077085821988,1.6584499244953916,1.6308272400086867,1.6325727389194944,1.6295718793095735,1.6290144918309781,1.615869621872633,1.6276917523730385,1.6330089347953824,1.6161416851948178,1.613176557177981,1.6131859627256597,1.615117058840903,1.5874472576843741,1.589840312762655,1.6057279972026945,1.5693139719388787,1.5931104273572756,1.5938737876418536,1.6043660932292376,1.6006431986120715,1.5817356418996442,1.61099547841557,1.6241273186307108,1.6196358621079523,1.6196663953278885,1.6046083152395654,1.6103977814525123,1.6433731963990788,1.6484677837008617,1.6280091550825706,1.6693701873757978,1.6675764121085892,1.6547866145613186,1.67738106583734,1.6747161402177753,1.6927993560363708,1.701570609700496,1.7089401820082228,1.750705685514645,1.737262585356863,1.7498261268286812,1.787204604227377,1.8071432057380137,1.8010533816732401,1.8212061629100424,1.8362620894589128,1.8757350286395997,1.8731871382821712,1.9047317600110314,1.9237182461325988,1.9436752094081609,1.9768059647883716,1.9973525766018256,2.017332058139349,2.03654175938518,2.0762091468266433,2.110401158128361,2.147931548067208,2.195516047013545,2.203007027195236,2.2606760460643347,2.2830457229975307,2.3464940164448675,2.3741776622234303,2.4094484978669053,2.4799243973488663,2.5242807784428933,2.564005109072684,2.6493303723421286,2.6948594726340627,2.754754798524056,2.852648423502224,2.893846894509995,2.9903570497464838,3.0883205215914606,3.1406258499741893,3.2788540616491373,3.365937756629673,3.495259730881436,3.5919098891275207,3.7394760956244797,3.8735314091867754,4.045343743311424,4.249731418377371,4.3950733599677045,4.617192626294851,4.826238379989456,5.105578866745192,5.361005001650842,5.714729530158558,6.044619639301424,6.483543590251659,7.017977337829237,7.51489001675851,8.235258136246276,8.96489054022183,10.016874930416892,11.102735002669847,12.766401695931405,14.565675253179682,15.831460982670688,16.38635309377944,16.797162330706875,17.164647606788087,17.459307615054076,17.712989193168312
1.7,-0.018610461236701698,2.0,18.089066829767916,18.30741222579097,18.44782222877063,18.63030873948697,18.724357946357745,18.801984587179174,13.660238373939082,12.039060547351985,10.572506551873033,9.577550221751398,8.626125401477674,7.830715748852687,7.287268972292403,6.692966388377269,6.310148119336609,5.905277210801419,5.584444953705355,5.255171909392038,5.0008991866546815,4.735677660072247,4.500081319551941,4.310465477309313,4.13645431394735,3.978409502197957,3.809544755519803,3.709195701339389,3.546539162974755,3.474868851783816,3.340436405902834,3.2226689569760154,3.147134860858518,3.028313921082112,2.9745896250943185,2.86132145434976,2.83018625836192,2.7624422109988864,2.6576258573385916,2.6308671990986587,2.568205753288139,2.5031001642472464,2.46070075301033,2.397348177873364,2.3715488954980675,2.3255607371918066,2.2930409341867066,2.2328626119137627,2.2034427758499007,2.1638340839417776,2.1667811535950543,2.111594114977255,2.0942505450712545,2.0317323974292645,1.9930358558453998,1.9722949368492,1.9594167454977491,1.948003515652931,1.926366780199068,1.8867928235464804,1.8820942568912298,1.86742509975821,1.8383061680574546,1.826268527548631,1.8071573220327597,1.8053505809748542,1.7506868474922015,1.7592447780807208,1.7463379945789879,1.73318597097968,1.7134718694648754,1.6953781524278666,1.7114729264395816,1.6923085630961163,1.6880959493094063,1.6922758943775846,1.6592781460399293,1.6694515098996308,1.6365847776466658,1.6268059793096106,1.636209951094161,1.6387957199404672,1.6199860295114081,1.6077158616052134,1.604713842175727,1.6275783736599942,1.6422005371899902,1.5881496122156247,1.579808973429901,1.6056991238365916,1.5944748840931835,1.6191828433374253,1.605138560660533,1.6177395686989875,1.6112654595620135,1.585018254258751,1.6040446024090151,1.6297418586424215,1.611730606932717,1.6186583881682437,1.6232247748380726,1.6071160397934507,1.6410876423338008,1.641889577707333,1.6456261327029411,1.6610463236869482,1.650780739430437,1.6690777968200416,1.6779265673563861,1.6975341392835035,1.7103140893995148,1.7026305635756473,1.721805702554551,1.7078843392971228,1.7380361566328058,1.7658522358197983,1.7656041171355041,1.7862770578005862,1.7984397093924518,1.8336057412207882,1.8210571198317405,1.82257871151074,1.8719861908799935,1.8898999974497317,1.9013848262512285,1.9152866083310698,1.926553317582726,1.9733289222917503,1.9988480634626236,2.0071736320620657,2.0493218132159257,2.0862856764184134,2.115929416468593,2.1809221190644705,2.240157043729137,2.310286447927293,2.422230422030252,6.4700261623583,6.47315129639619,6.4563361929719285,6.40402286327526,6.39949088081338,6.372954363664226,6.31642465409659,6.283988324981925,6.284426107115216,6.222588781854541,6.193921136169082,6.136558366771631,6.118702057805971,6.0785259720425655,6.031687379023213,5.984641352716511,5.963667950517597,5.915509324096369,5.8822006709914385,5.80687196537406,5.762285152856809,5.720605032087866,2.8117481883846347,2.7319218782707972,2.657290407500847,2.5873955912134408,2.521832200370501,2.460240552895624,2.402300315727255,2.351177089952439,2.3837276933662084,2.4179393839032217,2.4539060509636044,2.4917296322443416,2.5315209555363767,4.99646184146342,4.934810886440447,4.859399323287497,4.849625450032881,4.737209033786076,4.711479106163118,4.637919491872935,4.580282720117513,4.526457660100009,4.476701382803597,4.424931801216587,4.361451006089384,4.2668689200115635,4.2144459967538745,4.1773554344524735,4.131278299817182,4.064423775677746,4.013127465745161,3.9240817488235313,3.9034781476011267,3.827733120475512,3.7444315361594978,3.703403856487228,3.627700327140894,3.6017047037978176,3.5501562711297994,3.5016253042945817,3.4296852518735883,3.4074421517642963,3.3297222078771043,3.257686357058802,3.228942306599491,3.1667162587078344,3.1150641685678506,3.0769714484175634,3.0048307982963087,2.9740654575990795,2.921241545011159,2.9021587263949096,2.834679181800482,2.7887361870407843,2.755605134850045,2.705481705466566,2.6597676301264856,2.6229237212653236,2.5861169746796864,2.5517853772778283,2.5077076472732363,2.4676761033009567,2.4064207568214666,2.3674778202065556,2.3566658199150563,2.319425156194331,2.266109085021529,2.2614362974892988,2.2069504296315055,2.1823442564034172,2.1374500491716306,2.1161286381554385,2.081496887240928,2.0632912098527134,2.029924693591841,1.9804126489059442,1.9812331069971627,1.9416926747710206,1.913469553662844,1.904410164815857,1.8936523145771962,1.8482207919095783,1.8311947679404823,1.8249394311811309,1.795545163201149,1.7988371496951878,1.7762107456696912,1.7362329847833158,1.7395226295550235,1.7561881015066432,1.7258941195533144,1.7379521770211914,1.7046805254870236,1.6807837716007406,1.6918707237340156,1.6664704455180308,1.6556499703475693,1.6686569914112601,1.6362788319069268,1.6432649539240098,1.6554030136285363,1.614266725897183,1.5910993592454634,1.6300658661668592,1.6397127607358606,1.603204036414388,1.593151578777792,1.5971789945292505,1.6017961584058666,1.5814649111805636,1.600885449825185,1.5978685993267607,1.5838832910069411,1.5950660348187211,1.5876492518048189,1.5893857862398717,1.6012662861350333,1.6097300289151162,1.5954754083896832,1.6151135235962888,1.6170548789802441,1.635247901582601,1.6216505528445135,1.6276989453164972,1.6258522088324956,1.6343522602376352,1.6577375676131034,1.638269013348299,1.6450056855162936,1.6514898009004362,1.6759543995964064,1.672895422193623,1.6997299074879202,1.7020544510565438,1.7295000159854128,1.7304800773646332,1.7390377462160884,1.7344501399473595,1.7813337553255275,1.7641911748053924,1.8102341201942038,1.8117753381551416,1.836206580006401,1.865118084735104,1.8817027036223204,1.89206377721212,1.9235390193301667,1.9494870588906374,1.9590788454732944,1.974093351638259,2.0167525692774926,2.032238485943812,2.0614612949618594,2.1018124775472486,2.1396398273181054,2.170283271288242,2.2032954658023702,2.2432220734859607,2.27584489119166,2.3193431095946733,2.379075425660846,2.412402344288691,2.459907629551473,2.5049135766079726,2.569070730196962,2.6371755822232763,2.6758413513943937,2.7712190181465655,2.828931484996093,2.9007200243060214,2.9854200818650103,3.0683820100401364,3.164778906419921,3.247494089093367,3.3880687978600488,3.4570265013944343,3.6010615652348337,3.714321892201904,3.839904869088936,3.9707219434609646,4.198917179551885,4.405235267469714,4.573886847481854,4.799985355935473,5.058710472298282,5.358538679802289,5.643833941934538,6.036824596273782,6.403621677309453,6.933776886649204,7.51658807773053,8.103420574054168,8.92124579180076,9.801618689254965,11.056471369287083,12.411237258851225,14.557882212503939,15.806811461254512,16.438290869986343,16.962930113508907,17.291433272849083,17.64531254027542,17.90400215288109
1.8,-0.027561671420749077,2.0,18.17975005841501,18.39203322608267,18.63110888924309,18.747155937501137,18.88868297022299,18.963430310384187,14.832744385620549,12.948376471004382,11.257336184215227,10.157726638624412,9.09998835199201,8.212110548696263,7.59466180589411,6.97964198131528,6.546712863498635,6.10126657750532,5.762721708751795,5.431170245801948,5.150456757146578,4.876129323518162,4.619618397768523,4.442088831905656,4.221088270860055,4.079282760197589,3.8914521648759615,3.782221977620926,3.649700729859281,3.521565029826128,3.3916196925194075,3.2874049257052573,3.196592412945068,3.0825876593201245,3.0059788553803317,2.925930652022347,2.850980646318481,2.7879494558402076,2.7113258038048778,2.6586495299638946,2.5742862942762397,2.531220999830828,2.4737908193683356,2.456400537413811,2.3963365399705756,2.350535251801236,2.3127330306887566,2.2694913356964026,2.2267147536121743,2.1813009049553136,2.1541470414575628,2.1188915687837793,2.078405116416239,2.05570752900737,2.0296309660461707,2.0005016572017205,1.972656802424869,1.9520846085896213,1.9192046687447497,1.8919133814158966,1.8842594803060597,1.857994199044316,1.8395230317164668,1.846340828115491,1.8216344065105243,1.8007444277546434,1.7763742258588138,1.7613998026983386,1.7727167055340807,1.7417327552993636,1.7188917865759465,1.7197831791734999,1.7019602594574312,1.7117630809232582,1.7051071383574963,1.6747520680990673,1.6551209599496703,1.639219731773094,1.6752267549901763,1.6327558421094932,1.6387055279384302,1.6466405531308155,1.6126357055533727,1.5994846412337593,1.6229974449522755,1.621731538445895,1.621388622294517,1.6073714309995808,1.6093285838220017,1.5896693628094059,1.6043908114077636,1.5850284004491229,1.5948769333968813,1.5807983633630331,1.6034932273425644,1.589208040755225,1.6148244960819946,1.6203148639986966,1.6212225364000832,1.6065754570013093,1.6214234110786505,1.6305139979367649,1.6307793592436701,1.6379954062461073,1.6523386906921884,1.643199408020304,1.655695670552267,1.6638585354015734,1.6678730637040107,1.667623960565802,1.676583085731358,1.704470527762311,1.705547137131315,1.7126261589157012,1.750427160328417,1.7365752010373392,1.758445273731674,1.7858218480540111,1.783346750207251,1.8100769803390462,1.8258539786068448,1.8508146419673093,1.8534835991473237,1.8691985035642675,1.9016209087200693,1.9220885490204567,1.9367830648772524,1.9451139155340522,1.972755585685351,2.049578143602966,2.0530012497756545,2.1045478324749247,2.195465212944537,2.3161612992144422,6.413252438714451,6.402797870515132,6.344980611942904,6.340351200072782,6.298174360818846,6.275686166318047,6.243100713968561,6.186824248910551,6.189502743489181,6.155102488716661,6.12519091103815,6.074524169486596,6.046428963004291,6.010170978168919,5.984511313134094,5.915526958731434,5.867884936798256,5.822740636520758,5.8139593059173915,5.761897395996445,5.719780118667937,5.641589228621577,2.685812537963729,2.6170766463109554,2.5525295778272343,2.4918308674863026,2.434676585230603,2.3807945897804053,2.32994050453573,2.281894290620171,2.25595307053592,2.2916402346493854,2.3291957951444493,2.368736627609882,2.410390336488186,2.4542964794363225,4.892231876138608,4.842681335018407,4.780062344429835,4.760906449599784,4.709067709299713,4.627659372187446,4.593972821633951,4.504574328580345,4.476749546340949,4.403574056515577,4.36842807952572,4.303636797459544,4.236389010163909,4.1806107112311715,4.155451775682767,4.079666785888424,4.031131140494619,3.9889125785308313,3.9248740954687698,3.8597436604604654,3.8355232429360955,3.741335693536516,3.694063582112708,3.6329248142814663,3.585265222197791,3.5387754816203785,3.5002040243852885,3.434731604462757,3.3875102514356694,3.3450547753020095,3.2754819195865696,3.251386218460361,3.202290117997814,3.1214940722229194,3.072646533350192,3.062706253705413,3.00899675212373,2.9550711080181267,2.9281930004243932,2.8348495076184244,2.8231116150195867,2.762543888423099,2.740641204682759,2.690614860245855,2.648342584937969,2.6111636909344056,2.5575842637266413,2.5376832546554375,2.5173132655169574,2.4762471954100054,2.4270289966829157,2.3732199024946032,2.3497146257883488,2.3254674409199354,2.2981739250608055,2.255695833294185,2.2260713336151117,2.2101453826568993,2.190889262081327,2.1421404258016064,2.0978309825991976,2.1108381085901406,2.0819784535116708,2.0390358835177893,2.0375304124101103,1.988452710155555,1.9537878643098268,1.939420455927082,1.9254625503753258,1.9103857458359568,1.8725865847570942,1.8680510508070465,1.8370404568089065,1.810850199883966,1.8036518202069662,1.7736039932611143,1.7889655545619099,1.762783018893925,1.7524207385668253,1.7145850671573928,1.7156777688318057,1.6897488814848416,1.706040759497253,1.6879454320451448,1.6807647297700583,1.640608636551639,1.6677153392412822,1.6447938357190843,1.636620911075239,1.6294278975392003,1.6031973108921145,1.619345100014212,1.5995287265588043,1.6298384845466596,1.6265046719218492,1.5923496063407503,1.6081388009593207,1.6017145688311105,1.5975596841255277,1.6185524060811805,1.594306674761867,1.6167378826170076,1.5968424865901398,1.6192812915562738,1.594764288609323,1.5801756566521061,1.5852104399966918,1.628391371848098,1.6096002797482578,1.5999275033899911,1.6214266623895635,1.619754113476443,1.6373656949362259,1.6068126180103801,1.6478873017432858,1.6542012296165125,1.6661345782438763,1.6592842808232238,1.6466727687411953,1.6695078136619392,1.6898962673181646,1.6755748562456871,1.7053284131419828,1.689825650893843,1.726140337330441,1.7235440407051856,1.7331468623878337,1.765436423456607,1.7807963316197124,1.7797100579707716,1.7962413441356935,1.8168199328377455,1.830734786143993,1.8440710760002335,1.8827425345006519,1.908308263987754,1.9120593322313615,1.9422499416219963,1.9880459393539502,1.9869516020529854,2.0266698194624153,2.049917412136321,2.0910979610638285,2.114054000711688,2.1292012740789765,2.184064418915654,2.2105591858385814,2.2515943365319684,2.311165146934811,2.3457884000296256,2.3893838013065465,2.422876609005657,2.4782331699796307,2.5381904022919928,2.592936867797661,2.650013204114583,2.7237732073259653,2.8061963211554244,2.8472667850899502,2.921975044325305,3.0360259593448213,3.130765406160799,3.2141497520023274,3.300144101535633,3.406606746650456,3.525516307372735,3.6258782287790163,3.7887080666807162,3.921150551261478,4.0813590931453545,4.294353043897171,4.482901080600721,4.71371416188698,4.9338339152188615,5.192928315474783,5.474568096498335,5.837008152943082,6.181481579197198,6.640313332071103,7.193235400259936,7.75075854110474,8.49019090650039,9.273294451538169,10.403415259202891,11.59399460138443,13.416323639335525,15.369547890638364,16.30963788765932,16.94106191498248,17.312887033163335,17.693878704325694,17.960713697146907
1.9,-0.036772725891722445,2.0,18.146783269153705,18.37794876002735,18.594882403920302,18.766480472502344,18.939935721335473,19.062056556316673,19.18849269046637,15.27970190643115,12.9451648025869,11.230735096265878,10.128093652549133,9.053530768065736,8.332034132535155,7.605699368107569,7.084574955212532,6.54581527615939,6.164588610548852,5.753796094117614,5.40297086474312,5.149752532626496,4.8521089984666235,4.652550072517706,4.403216864913997,4.25852418800007,4.04278723167533,3.924721787327336,3.7604657942697366,3.610027299620673,3.503857391924172,3.381484751525006,3.28396917340557,3.1828986674534545,3.0970504853012053,3.0082106043238617,2.9182505938425263,2.836767839515463,2.7836849072229377,2.710164135137885,2.6452176893060813,2.597951399207842,2.547675617943048,2.477331680003946,2.444583258128764,2.3875674757644467,2.3322958851025377,2.3040708654968847,2.2478969639601782,2.2175404503359837,2.168701640805878,2.1451751524876945,2.1107195123811944,2.0813320067351873,2.054329854169272,2.007723646662862,1.9762658965904745,2.0007160063625733,1.9386521376590762,1.9224489703719323,1.922414112009071,1.8883675864060168,1.8678382603813088,1.8421318398578856,1.814145400494833,1.8092374956253932,1.7894486492119301,1.7736517633292008,1.7516371536509006,1.7732436601911161,1.7281555361370518,1.7176581978011027,1.735336808662507,1.699663768670058,1.694310188357183,1.6829261504882702,1.6741922012215014,1.6465650037453932,1.6648726285507471,1.6374524697708908,1.6331523095942284,1.6474741314341257,1.6345181025565538,1.6395969791222598,1.6279300819787443,1.6283868043064482,1.6125446149324232,1.6062390006006702,1.6015045054435841,1.6030834260762559,1.6072475129561619,1.6024414063512615,1.5930048227467704,1.6010847405905075,1.5802544237330698,1.6059071875525583,1.5910968118028173,1.6112318495445555,1.594681402555071,1.6271396463596255,1.6203869050103328,1.620247335758168,1.6242732724722402,1.6222713843973346,1.63366020567713,1.6447696161299732,1.6522638214940915,1.6589692303838668,1.6505580192385076,1.6821460097746315,1.677129093460091,1.6769995831952615,1.6882079980857188,1.6947317537779718,1.7199457257083013,1.741790791675571,1.7313543436907999,1.7674464909025627,1.7420777182599962,1.798639009080367,1.7892802990441339,1.8139293938471566,1.8323053978859452,1.845606077950721,1.8490044831930899,1.8686183083994774,1.944382336474611,1.958659205949898,2.011297012370472,2.0370990562876363,2.1664600582034375,2.258382637100851,6.315061350737342,6.297224292778602,6.267665705771028,6.252606950566998,6.214277673797965,6.177133237465462,6.151895110553517,6.1191842325147325,6.09973067309713,6.060212237195704,6.0138858043139845,5.991521782425967,5.937303411747948,5.960161876056987,5.877700692809401,5.828845416454064,5.80424870897548,5.765040159290922,5.716501743146073,5.65816385908088,5.634338383696435,2.5959259235755936,2.5303404277606854,2.4687210144448626,2.4107485422711235,2.3561378102507993,2.304633188368624,2.2560049071741943,2.210045893299537,2.1665690594832805,2.164389429969923,2.200296449253428,2.2381084658369788,2.2779490859797984,2.3199535783713716,2.36427024921024,4.85389222034678,4.800510960904853,4.738539980089756,4.661497068969741,4.641498059852162,4.576764195442855,4.529566066554232,4.48406681987222,4.4412473629006834,4.347540973627327,4.332326672705328,4.281138850410406,4.207641396262592,4.1884397205376755,4.09030281687687,4.033635376349136,3.999006554916909,3.973386888385665,3.870969410249401,3.841251151276114,3.8124434252705783,3.7386861036725585,3.6768734407035537,3.6356366404597646,3.5723601838180152,3.5547697834640335,3.4848860370293666,3.433023811697214,3.375379598957329,3.3133461360536662,3.295434982042489,3.255156832754281,3.1887970426229875,3.15986887685882,3.1127375557869166,3.0491880652607275,3.017250859794444,2.9950713391535975,2.927230883920713,2.908165414903882,2.872854859124952,2.796765651450806,2.760489368149994,2.725853485372862,2.7029664165879135,2.6350817361237677,2.5970753472379458,2.5742488328625894,2.547136575115977,2.5109828325309955,2.4730829200270996,2.4325244912044246,2.405299629418173,2.389228638312597,2.3433595524194653,2.311496197913372,2.2985432277341182,2.25099519189674,2.267647604973004,2.206473830184552,2.1775504845753013,2.1513730700173403,2.137106643016379,2.1075135667318166,2.097488104105054,2.076323940361998,2.042990808890208,1.9936246265757582,2.0185739335178297,1.9576197537073643,1.9506913008023379,1.9256741478140191,1.915636447626485,1.8769952948683175,1.8815455563946075,1.83896463436635,1.8481142172752707,1.809847494827566,1.8057570729273555,1.772158821115553,1.7683673143537308,1.7354532169191617,1.7360446188498142,1.7168724450331618,1.712476777038863,1.6937369811557694,1.6928875341851022,1.663277709281947,1.652510969386043,1.658391297874765,1.6637699204868934,1.6431594294125191,1.6426317906694492,1.6428953164759426,1.62027060363238,1.6234935430108939,1.6285351954376421,1.6282967359048626,1.5903416853823797,1.588011669917069,1.6073924489205416,1.5981977964322616,1.5872142080535132,1.5996519022436433,1.6043523394370307,1.6044470676213742,1.6108258639942619,1.6075528199620888,1.6066764044477817,1.5833946360305076,1.618769778301685,1.5966391208449433,1.6363947085275232,1.6253673842880336,1.6200880938825875,1.617574975792924,1.6284419460947135,1.6379328254187269,1.634206627560009,1.629390719865782,1.6690965283768728,1.6395556838300143,1.6769488187250914,1.6684384894866067,1.7019612490885951,1.6951763937704514,1.7203735008837429,1.7180078710163549,1.7379127311441298,1.7737580368337922,1.7561206881549467,1.7768155475096366,1.812335876328037,1.8382243727047505,1.8225114836272067,1.8329696143165037,1.8701762756902722,1.8830893448839474,1.9085684565186638,1.9262031540583742,1.9639847590195845,1.9701711255390801,2.015775708204989,2.0286957750049295,2.067376697109153,2.082800784570029,2.1401038236163927,2.151146526227472,2.182812639308909,2.2066576228710053,2.256219333832681,2.300913899079595,2.3332771098352363,2.377875341083126,2.443169874193043,2.479081298630856,2.539708509491094,2.5907867798094433,2.666233476089164,2.7323883540277327,2.775403967004044,2.876308646567431,2.950859784930822,3.0192630421045443,3.1084900256593153,3.195475439622987,3.2934202820287206,3.405206297628189,3.5285166195252695,3.632268256309628,3.790551930159833,3.92175364850563,4.1033982370810405,4.270705307540184,4.495661925217018,4.6540977279133395,4.908487481904031,5.157621421038216,5.455931245654074,5.8362599424266834,6.184989894567209,6.670384185049131,7.123412774780351,7.747779085983847,8.373545875195155,9.276542640568904,10.195726650278989,11.610301029874517,13.40505048847172,15.45063819182343,16.50650998147444,17.03221940118129,17.522716837761898,17.80927394392832
2.0,-0.02534537732043559,2.0,17.791959203574585,18.120326307322326,18.429470460574347,18.666090212749285,18.883507875958752,19.025876016453676,19.192549867992525,19.323544861800965,19.410709163773312,13.960420301714828,12.256473743944877,10.69014127794546,9.712505841772348,8.690378757825266,8.020445351442504,7.322986135042827,6.764746645495224,6.372524015070602,5.917776779382768,5.588659430685818,5.255227011968811,5.016482468864376,4.747501368985281,4.5569255087430465,4.335895981904602,4.148059987501848,3.9923523387616844,3.8212366139793086,3.724130727494562,3.547187976212321,3.4509766216577944,3.307883535778481,3.2556411102831415,3.1364413631331454,3.034949754137747,2.960643868456447,2.869459527447958,2.7984917783911687,2.743992498421839,2.6760593682754688,2.600807892056707,2.5710334162821016,2.519178963432103,2.449321243482609,2.4003107041357135,2.369576696938922,2.340062682239476,2.264007416568027,2.247395080712872,2.1869188538099436,2.1631642423326984,2.1081738986987197,2.0829492078136793,2.0547575229608155,2.046867313208982,1.9964683545125324,1.966238966420518,1.9649747210085675,1.9412491352136616,1.9284018617720293,1.8840781980365093,1.8621903961310131,1.8535194728335849,1.8174606083526137,1.8294236620281674,1.8035993953643634,1.785005387002679,1.7541295651082711,1.7941357304823706,1.744691453546803,1.6995656597895172,1.70840291062406,1.698304293548161,1.6643607818235757,1.6950186849418196,1.6857343879229283,1.6641447260203848,1.6627658714450073,1.6480370594858544,1.6473030006168163,1.6231871991254139,1.615653235948235,1.6039709803299451,1.6261121748884604,1.6288381173869648,1.5903514066982316,1.5761778031275717,1.5934604697054815,1.6207983212586208,1.6090409900059872,1.5995421570964228,1.5867238245876407,1.600744822043747,1.5892099317058228,1.6045280927125156,1.5920598334286695,1.6167460230244337,1.593479009565055,1.603156855998359,1.5895085720819273,1.6044155125638393,1.6134823477956575,1.6161577295760738,1.6246442413250053,1.6148341635197974,1.6403703967823615,1.64671363545106,1.6509868341647993,1.654507909396308,1.6394732434007415,1.6724696646566164,1.662071932489898,1.665545579066128,1.7031649822228652,1.725991046499052,1.7296276567177178,1.743592322518351,1.76784066023248,1.750242682839766,1.7521710193950324,1.8238024123516154,1.8408583705016113,1.857171920329837,1.9111104793123863,1.9604264953027002,2.0174688108502528,2.1025384317604767,2.2790255868939133,6.244054388467209,6.233484609904782,6.193857411133404,6.144968389332353,6.140535628112454,6.114432323899761,6.0869613614505695,6.042471923623372,6.032571559092631,5.992951501960619,5.9641755250947766,5.912291945182285,5.86883166832701,5.836707566323729,5.7899036391066865,5.78786158221201,5.760917387986208,5.687319777606935,5.624494940726594,5.6240576982849095,5.595204428838216,2.4388493485400238,2.3818835140116765,2.3282113862028457,2.277583534396375,2.2297756712124337,2.184585587133252,2.1418305237690154,2.101344914360835,2.062978433034506,2.0621399428559615,2.099039874916355,2.137947796704743,2.1790018931459474,2.2223540105767845,2.2681713565161883,4.811535542182868,4.7534991062429945,4.700853902245667,4.659524563806612,4.629511125325328,4.5607625792527955,4.488251956947059,4.44854741141587,4.410015697589223,4.3622640169648905,4.3078858102221576,4.272140350158197,4.191262820475379,4.135629839751314,4.0790713036767,4.046421406192581,3.988039455981632,3.944527448618533,3.9065046596540127,3.8304637252857927,3.7747153012243615,3.740729103217559,3.679818840196301,3.65690906114947,3.6143997080741173,3.511198276432951,3.517136860078383,3.4677523673969164,3.3957405759108195,3.3475353983564866,3.3027322052237045,3.2497952677926816,3.2433222155482926,3.16969668918964,3.131497252143963,3.0878735657981884,3.03201810603353,3.0383662065798864,2.9693982478527947,2.928197781824241,2.856539049828085,29.984379562351762,2.8087128742433807,2.763764195596216,2.755844589198632,2.667645764285206,2.6649942188434745,2.6160623700390677,2.594596667019452,2.552728495614529,2.5409119139580727,2.490899618662299,2.437436903259491,2.4372056679134446,2.4027694458641102,2.367090994537924,2.333389236982386,2.302597730416323,2.2961124538872926,2.2550505062692983,2.2368030295483448,2.219682253014382,2.1892534173191533,2.167916618064789,2.1373065388650083,2.1016241034892236,2.094179122786892,2.0613339818670102,2.0374630152358364,2.012377932836286,2.002542772830569,1.982604719002342,1.9535991327077742,1.9449816269890474,1.9089883028185797,1.8878096866538008,1.8858558265199217,1.885883059902903,1.8414546608221247,1.8217540319424705,1.8097531097548736,1.8167996453835753,1.7905155319860353,1.7775584008084422,1.7680784776169944,1.7575684372338602,1.7523579986217641,1.716149789690561,1.706814625195878,1.6973002722088677,1.7087837238004733,1.6938091248072622,1.6889293545370958,1.6534626987767223,1.6745208410308219,1.6604513164803185,1.639414226975012,1.637385934248668,1.6140873463223795,1.6214469906570097,1.6306446421144456,1.6242129011163045,1.6393842219259924,1.623720695195827,1.6341245260009543,1.6306294936673773,1.598749351894734,1.5900125139134988,1.6131692922369192,1.5868910155067846,1.6088970739533779,1.5838697386378686,1.6395761248448164,1.6246966306961839,1.6246555385284962,1.6331256586116287,1.608664989911902,1.633577807193043,1.6237030189465784,1.6552706170368594,1.6457801097727467,1.6410858205074412,1.6511051012584392,1.667425559974814,1.6586250106627947,1.6992610076332182,1.6763006102403823,1.7039355763095778,1.712815771877147,1.7064320531105772,1.7215142883259456,1.7490147901512665,1.757837069289311,1.7458063668538415,1.7604433850778813,1.8109244351481495,1.8074237923043421,1.8185246825528818,1.8381067745458564,1.872703205161443,1.8797083887615587,1.9062598715271362,1.9223843580820912,1.9243435139466025,2.0080208018620995,2.0153713044067625,2.0266456491215985,2.0540106501248188,2.0732700420856744,2.100480250518468,2.1371824249052565,2.1754238398663053,2.194186184837388,2.2514212855405407,2.298752798743852,2.3047444727540665,2.3735965287148897,2.4210967548084152,2.4965015140366056,2.51743716809427,2.570179022408602,2.622666787447893,2.708247530548567,2.7641844050550963,2.810736478542183,2.877476936074705,2.9956682859662194,3.043209833026257,3.1727510068923204,3.2505471113780344,3.3717030888568673,3.4802731926631942,3.5965680423642286,3.7181196468694373,3.8546175752186014,4.013336727148599,4.184863689776901,4.38419553292145,4.575543474328803,4.837097457335648,5.040584884360363,5.337294865048314,5.625049063351136,6.010281587034474,6.384419724552871,6.884323828309071,7.35120486845415,8.04467919784436,8.853066641747336,9.69012650550985,10.92083654856999,12.227014211751696,14.267135951998943,16.10234482215158,16.89178398647821,17.36135700338075
2.1,-0.0835995214569355,2.0,17.31481920644223,17.825793528786058,18.206853088001814,18.521182134543103,18.751478755879535,19.01003016971115,19.187043805288614,19.350201608616576,19.497177623927275,19.582361244855594,15.054178651601324,13.078131304663618,11.339429864680422,10.173988744235322,9.085047077065395,8.35188946143438,7.5707857528811795,6.989703261607745,6.508740382487838,6.0771983400021234,5.731404631427459,5.376703276744155,5.1217530734754675,4.850617228369171,4.627197046497466,4.404458380358769,4.198982314448473,4.033458825668491,3.8625751015803274,3.7228540904816447,3.5937858509453235,3.471755357132536,3.3651575721566376,3.273951044217072,3.1581328221114604,3.0515223904992976,2.9825548393469017,2.880489585221307,2.808721665430908,2.743351199655798,2.6857358791632415,2.5962688729759176,2.5664674562894847,2.4971553662105266,2.4611620222174238,2.387695101074947,2.343340372981696,2.3251183880705564,2.257089514274113,2.243998137286811,2.191294669252882,2.134248141049362,2.1183874564299012,2.087361238447145,2.0474971893650444,2.0307359855974214,1.9946334441163656,1.9918555764316166,1.9566719283667586,1.911306658677853,1.911218535692004,1.8915848082335132,1.853416349970627,1.8287376632301202,1.8317723449817693,1.800897035531037,1.7630188159009947,1.7834646565598975,1.7754623355997152,1.733420795404835,1.7267278484323842,1.7171185293869005,1.710241540590827,1.6756333316588505,1.676841706524807,1.6669274655739934,1.6611322780383304,1.6417366650641254,1.650880065619813,1.6375707883705064,1.6132821816323624,1.5942403745385179,1.6032620676828777,1.6083931349675105,1.5979007616509497,1.6081133254489808,1.6082521962318264,1.588038996560006,1.5871639885041913,1.5814060063549698,1.557737176188802,1.5825487200725206,1.5826133460763616,1.5908522298812935,1.5990599648427588,1.5881168046631695,1.5871677263629418,1.5815692233242833,1.5837605913400956,1.595791499630241,1.5789087215402309,1.5911035163338336,1.596509213533914,1.6117923548657873,1.5915500024058755,1.6104625297083996,1.6071001012639194,1.6197775056733907,1.6111581073700811,1.6475365583365364,1.6491954193933949,1.6457432805553616,1.677976388329742,1.6610830709092235,1.6869469943156306,1.7292948575095566,1.7297065118519983,1.736662881596375,1.7657973848839836,1.8038921333273936,1.8279414349599072,1.8666028438864752,1.9392142956373115,2.0305753456895275,2.1763268030015497,6.185809103663183,6.157873838803158,6.127729660539418,6.085969273903761,6.063949823552376,6.050807987832683,6.026554306428835,5.99257594615155,5.95110822736242,5.940238681014603,5.903639708870375,5.870354104977089,5.817363782458266,5.778493405953446,5.744951650012267,5.717749952869402,5.676157948357398,5.6563806438077195,5.604427258035031,5.562308158518729,2.375400197996324,2.3160002384264304,2.2601704755377447,2.207625912946864,2.1581116477775177,2.111399024313641,2.067282363737364,2.025576171785119,1.9861127448206974,1.9487401095898966,1.959640341100625,1.993648376637461,2.02948697969897,2.067279147866842,2.1071598056404546,2.1492772560402327,4.771941755681992,4.74690451427133,4.693543335626903,4.637408007523957,4.5899539806209075,4.549577389887999,4.488140076280999,4.460817911866066,4.387267253856518,4.355485055984388,4.275478121447171,4.233798448399799,4.204395312443903,4.153014441533246,4.0947340950755216,4.040223943407447,3.996073089125768,3.927494484052007,3.890189521504898,3.847078939567382,3.796681881588915,3.767792502589986,3.689227943744991,3.6499911953688593,3.633805855347105,3.549803874329039,3.5298781372230716,3.472108676869821,3.4470091274276786,3.374565734937526,3.342276340590691,3.2906928233253554,3.2658794986373936,3.2090582419102374,3.159399567368576,3.1237099740254073,3.0775751001065483,3.053091551709525,3.010131864175641,2.985809468984106,2.9342036677205696,2.8849451707633547,2.8448026252732403,2.8157392511887562,2.7815064995862286,2.751399012165235,2.70566170111939,2.702431097761441,2.6402433798007805,2.611085877228976,2.5696851027928105,2.5419905672480847,2.5037615093563423,2.4661965067753053,2.445248224933996,2.405886491680219,2.395925382939717,2.3629642768821792,2.356401179605592,2.292965317698958,2.264422959338384,2.2740362638910394,2.2333102511801024,2.20251510600053,2.195767246385253,2.171303903337005,2.1278315218071975,2.1297974363265793,2.0937917101149424,2.0884465836902497,2.068779511186583,2.047012945294225,2.006344130688705,2.022499822586376,1.9619554222284312,1.965722349959082,1.9560499042290944,1.9197969127267598,1.936907743036419,1.8899301793027081,1.8911072817153096,1.8543239050334999,1.8544039062726112,1.836793271079188,1.8248310803476797,1.8036158721849307,1.7852974679544984,1.7848792123290298,1.7691882929639957,1.7703814340169968,1.7571168588689174,1.7665219270989196,1.7568927657322608,1.7409538874812425,1.740179741561131,1.701709271421311,1.708573050188068,1.6754014181888786,1.6717492685579043,1.6579397368176227,1.6751660417679424,1.695312001225996,1.6559919078944332,1.6467966885840024,1.6450824107593736,1.6608292271192282,1.6373673442924597,1.6337988179341074,1.62551191349994,1.6423735096825913,1.6176854351748244,1.6024139625893856,1.6349771511133329,1.6328121242755742,1.619212281749398,1.6172233791937847,1.6016443614578595,1.6242191374534842,1.6122778702208935,1.636887047250686,1.6575618681581903,1.6433722177349144,1.6516637536104504,1.649595823650891,1.6760278999752463,1.6527694140751479,1.6546528563555507,1.6651439651457083,1.680476523882955,1.6888426327975536,1.6859757661665964,1.706454635536904,1.7049344897302927,1.7158521165465705,1.7530628136893014,1.7361410263213433,1.7674581609828899,1.7917375926691756,1.7645626138174193,1.7989104698447396,1.8111339616081013,1.8458110578528728,1.8596710130312593,1.8643515174192715,1.8926984338868116,1.8919102128235736,1.9419293765944412,1.961313397495361,1.982023544504734,2.0036294056443316,2.0280689994241365,2.064958949113814,2.0786947973237933,2.1244079059740324,2.1527844529269817,2.171785491338669,2.194826350668168,2.2353191558473093,2.296879187762057,2.311120556645108,2.3673380724132884,2.4229256801116352,2.458658910158063,2.5211922316545112,2.5630323497969285,2.6496073255949315,2.6769261379565017,2.760951089379469,2.8385912924006638,2.9018068197290727,2.968968360383955,3.0522994561787664,3.1308247407171996,3.235060904124337,3.353806255662157,3.4347342073583076,3.55575587283995,3.6800189701923736,3.822506669668522,3.957450179655515,4.136713667715592,4.300376442718088,4.507260766142852,4.749081335188205,4.937172647348352,5.257302453973708,5.503852277072113,5.857995979747158,6.201074525969508,6.678109551638575,7.1088914653526585,7.760771690011864,8.48908152371853,9.261013614103657,10.365015883865217,11.526119303535145,13.286394406167178,15.247179417524313,16.74389902083159
2.2,-0.08943774489581109,2.0,15.005527858759843,16.63295745781659,17.416249004477585,17.890828456144312,18.329306635444542,18.651969288455316,18.934437475741138,19.165520828849,19.368568471618303,19.53193657622785,19.64709557740644,19.800770173479627,15.778754210912846,13.257607460954175,11.677020834388518,10.232125003613909,9.11546094435201,8.36595991464924,7.606702143031362,7.074712947939819,6.508736434698022,6.1323157418407135,5.714476235765841,5.420198462877374,5.102994491484224,4.832013722571516,4.576467713589971,4.384861617884727,4.208319960572378,4.016980432393867,3.856514372936476,3.7138105816917517,3.576580101650259,3.4669181137877474,3.3183574634925312,3.229750812980457,3.118865094253364,3.054084686025062,2.926725491576702,2.8514928779788837,2.8091321422874573,2.7254570582859654,2.6594065365171136,2.6109015192909224,2.5404658539409097,2.4808015617261647,2.4460242152888183,2.3549166383839126,2.3398458467641534,2.285623835082026,2.228382030089695,2.2043815643886533,2.158654380698838,2.139949178361096,2.0889647664195206,2.0550584202099196,2.0285763240972523,1.9891172926433096,1.9707733349888377,1.947396958661275,1.908926393042472,1.893390172279855,1.8771484704296932,1.843665508108114,1.8464387662891293,1.8412171892146096,1.792245609094492,1.7788833099498504,1.762380629894263,1.7542497357083005,1.7423963785993142,1.7170531857491194,1.700624619257037,1.709402551612317,1.668822344221969,1.658737804596922,1.671265701782521,1.6390024312646705,1.6342492599561262,1.6462354318870274,1.61654215927278,1.6211163099872519,1.6204218946794249,1.5886599324323045,1.6008644008243853,1.5680132265467857,1.5872619839091862,1.5740838385749778,1.5769996030602735,1.5720549550443004,1.5501519782383104,1.5471190120502574,1.5584110880013284,1.5529342036189409,1.5601848944605228,1.5488449789254801,1.5593434766641427,1.554195735989744,1.5655094685890716,1.5583735302227224,1.552235037885647,1.5520063476982577,1.5437192577608896,1.5664883735383381,1.576017741534183,1.604781417056006,1.5864575783731099,1.5896738501277285,1.5893682028187173,1.598708150618492,1.604998066647672,1.6209920050283348,1.638234320097978,1.6567336400673585,1.6921324924518506,1.7300314450670051,1.7070349621027252,1.7436114685330828,1.7945298263589218,1.8398197430035554,1.8962189619284229,1.9521843428024492,2.0968638440325873,6.1276161772344535,6.089180516922095,6.094507521656166,6.041213506530704,6.011503472276799,5.996358107972349,5.9543375048257445,5.926026649298518,5.909336348237695,5.8723550577786465,5.827068850703031,5.823407207160779,5.772378859865185,5.768512746230301,5.702303826530411,5.674670709036687,5.62411722308648,5.60257843487583,5.582404363357893,2.280349616744899,2.2241544947666343,2.1713081535618275,2.1215462892378767,2.0746322262039976,2.030353421777062,1.9885184891834282,1.9489546514678793,1.911505555300518,1.876029386740446,1.8423972414385774,1.873444381213295,1.907597249701009,1.9436217183743856,1.9816484807698838,2.0218213076897644,2.064298696536171,4.779254521048947,4.715547258060832,4.650655805726964,4.642477751231742,4.5696572403943545,4.553912871391205,4.466468244037344,4.4326629779169195,4.377320956073783,4.353833951428313,4.279841257933608,4.239633877340602,4.198868978452286,4.140523189066419,4.092387274980133,4.032065500045915,4.003714404863937,3.9433332085062935,3.8904183708358175,3.833697319320322,3.81572554071394,3.746715667160258,3.699709786733584,3.6507563570738455,3.6197461214564735,3.578969153973349,3.527774297968804,3.47048531886975,3.4378223722593795,3.4092122491546326,3.3583480452392287,3.3130677201664485,3.270961654115956,3.2383974608417097,3.189345210783342,3.1625647300938153,3.110682576715128,3.037841557432112,3.045336350342167,2.980013982775166,2.97042301392599,2.925684646088988,2.8764048112089,2.8483503574231968,29.99316479473825,2.7985267575903174,2.715955490507658,2.712366976305743,2.698734317108714,2.63669464573611,2.602028744061193,2.5680301110929276,2.553402399802515,2.5144383925413356,2.4937551793830406,2.448186348932577,2.444783381622279,2.4198648899444732,2.374064427299055,2.3482980739591164,2.325417618351051,2.2882494247510894,2.2622270800968014,2.258755655050032,2.2233394183374795,2.2035736950842897,2.1724471068005946,2.1666939949066286,2.1559965650955277,2.120036374570435,2.0789572020900615,2.0699920656363435,2.0865212915538836,2.0227555186672856,2.029495837047068,1.9824423751212314,1.978477444172181,1.99209974429156,1.9568359526383867,1.947319504729908,1.9146383582601825,1.8828328672110841,1.89582883189381,1.876425719396299,1.8803181994622538,1.872090993606634,1.827076458614795,1.8027158520758957,1.8278300093155506,1.8156574357855086,1.8069694895934638,1.7903310355314486,1.8016120898823633,1.7967825822469699,1.7661198071458046,1.760570107631076,1.7372129234774056,1.7166004329924165,1.720174577214377,1.7094555557832416,1.7005099643488568,1.7093654407908623,1.6989084886711618,1.7168977671049885,1.6898562402523811,1.6724213693028511,1.6721208623708983,1.6545556903137533,1.66579743611834,1.666031961744433,1.6708145987180831,1.6621852414447682,1.6564468816421047,1.6527665582423612,1.6271340931541718,1.621445585508725,1.621667588449043,1.6271946799848909,1.6359470209767146,1.626940445051044,1.6599227571408235,1.6457899107104128,1.6400016349363222,1.660703505500829,1.629820241979837,1.6696250270206965,1.657006963662688,1.6634679748908177,1.6547130203729288,1.671184773357727,1.684799737013197,1.683867328559195,1.7092770169156157,1.7080573732690125,1.7343074436047572,1.72142638407989,1.7525381153116923,1.7534598172449742,1.776492581408736,1.73542862176694,1.7913760018693825,1.8052932352595632,1.8004741373141904,1.8238373950226363,1.8461895992971833,1.8513505256430944,1.864984130163525,1.8929517633282775,1.9064193949664412,1.9256754844029367,1.965792804621643,1.9889170329355677,1.9949825700979942,2.0199520789311682,2.025533093279131,2.0640568450062142,2.108558482914488,2.140967484248117,2.1381526986265333,2.18763274657891,2.241641492063121,2.293855908225386,2.302702931740638,2.353464015381184,2.373296259177388,2.4541351763659685,2.4928510808966275,2.5473692917577897,2.6111433434029463,2.6453327518490046,2.7245141347850512,2.7480682599204402,2.82410312470519,2.8982601905112806,2.976933794560705,3.0711780406022635,3.166652934434292,3.2619809897229506,3.3231659601166683,3.462898853306643,3.5380801326548874,3.7005038476110603,3.819108864785014,3.978918466218116,4.174010589095719,4.317656880740308,4.520345669439704,4.716458302873721,4.992691669236751,5.182822097599378,5.517816638364146,5.838204285097494,6.210432337905841,6.690007677346175,7.123205333964683,7.743265196202985,8.350945898983513,9.204320257680587,10.08401341367297,11.401039350267226,13.121279754802616
2.3,-0.10897788596296949,2.0,11.610021695345273,13.0175485222547,15.283124433429448,17.089799271302677,17.663459520898133,18.200340617344224,18.551759027435587,18.953910542825295,19.13044084871065,19.393370625451137,19.593077471519393,19.744876510021374,19.887882990384313,19.982513876752755,15.022603136307778,13.008987138446887,11.212370686233118,10.070895456749247,8.953560060244769,8.205582527334661,7.468584691638347,6.847895984751789,6.426789416399702,5.92933345272636,5.6078665619618215,5.258311994108164,4.99383863765749,4.731468326430533,4.508298520814725,4.306213063072779,4.112363935873087,3.947002558062027,3.7773555410126116,3.638664528127387,3.4966205527152314,3.3692468921359686,3.2591429925564084,3.186669676148692,3.064237288400016,2.971439634129358,2.9072564097910183,2.8234031830273656,2.747514005433736,2.649241042740495,2.599856899398413,2.550532932901121,2.5216772860070753,2.4265499875600764,2.3727635384089893,2.3436220140843043,2.2814488289319943,2.2495801193003984,2.2017142033991997,2.190684631215605,2.1055834827430173,2.098221236963194,2.065739619190642,2.0061738135493825,1.9905154092347852,1.9591600559964806,1.9405509372196563,1.9354585656003462,1.8955221140621414,1.8491900430413042,1.8299030117155253,1.7927539065984428,1.7998546686946473,1.7750695863101524,1.779706700371181,1.7617728192748041,1.7523200997118602,1.7317070086062736,1.7042907575883062,1.681012641385625,1.6770959059403965,1.6647277428216951,1.6566715670521734,1.6318996436341966,1.6432474990038106,1.6179639064407978,1.6110706492971631,1.6020295408941974,1.5913241640981497,1.5857242896205606,1.5835078411090127,1.5687927532886334,1.5678119279604765,1.5785568174957931,1.5549021945595587,1.5464621922514041,1.5418933198861462,1.5443821702320124,1.556056639080588,1.5394306979988057,1.5545889775220405,1.5256339412647082,1.5229553994319762,1.5201569269233595,1.5105413052737284,1.5487990633358344,1.5200519374690322,1.5229535087538921,1.5554921821176795,1.5503004988469082,1.5505746558506037,1.5396647985139276,1.5564822401447271,1.5698282385262403,1.5877206165923858,1.6012315571584612,1.6028297133299718,1.6329874114917229,1.628410073918305,1.6426785728174813,1.6907983981142345,1.757463668355803,1.7326799988852988,1.833792882420726,1.888562906090896,1.967697878578291,6.077277888566101,6.088839850038812,6.0507375129711765,6.019880667336236,5.999467306156611,5.956748258234525,5.927134203313399,5.9029113508650575,5.8755472016899315,5.846319269862141,5.83892812930086,5.785960015551194,5.761071533549013,5.704069985080714,5.67271760172682,5.66223326510548,5.608891491480284,5.590330749338255,5.551176380814156,2.1851294022561523,2.127952124897193,2.0743067831574593,2.0239012783416923,1.9764753497474838,1.9317963732733727,1.8896558089830793,1.8498661836550383,1.812258516663766,1.7766801150581433,1.7622015266987556,1.791496983014644,1.822347642511758,1.8548545767157179,1.8891284051424075,1.925290422696362,1.9634738918223213,4.798850024641164,4.7197728773013,4.663129190611857,4.643807496883035,4.598553928132045,4.5445023708398775,4.4692670178184075,4.4365386524964,4.4022642520712365,4.354118140113067,4.293030561263463,4.24602698404724,4.213082257636439,4.151474574591958,4.097357641467022,4.064366451381098,4.0469648146317585,3.990820893748002,3.9202872482315003,3.8819530103861766,3.809425138398947,3.778916974925953,3.747893681174048,3.711884515128172,3.651455040996104,3.6081590968413333,3.5673480918208185,3.492506548906809,3.498734879700429,3.417267457293469,3.402682263653537,3.350960303134584,3.295841873404421,3.2716574264622365,3.2213536913275993,3.184058620878708,3.1410504512566653,3.1303484892906908,3.0716250615546725,3.0266793568770276,3.013024094140643,2.9602755523150552,2.9306970173550817,2.8610908153286982,2.8502483815292208,2.8019066666533203,2.7762812882227714,2.735361570265843,2.7151726674611667,2.678658630341622,2.647813270982371,2.5899369579227636,2.590628707473204,2.5532682085391807,2.5305533024243316,2.507904101483835,2.4792793862219487,2.4352635970163394,2.4150263115047887,2.387099447682057,2.3778436464992665,2.3465072443921247,29.997578457416203,2.2987437069868935,2.266481282563082,2.27623699083048,2.2230228291202176,2.2158530697631167,2.172410833817355,2.183827145820227,2.132383137042616,2.0921574443049185,2.089992214225352,2.0717588223790004,2.054099413808712,2.0317891643628223,2.044439044095603,2.041285887542956,1.9953129603473085,1.9587263169848745,1.960918809410672,1.9702860978009566,1.9530960699467033,1.9214214461812964,1.9169647607193367,1.8915607716550442,1.895819282950996,1.8684662230045401,1.858811445537441,1.861819690197139,1.8501031891219837,1.8527012408953878,1.8418065821073057,1.8119020631414993,1.8249081881927893,1.8123750682407,1.80585895566368,1.7825879618108529,1.7750106349434858,1.7933147062215014,1.7541251622109044,1.7312658037396265,1.7184091263452563,1.754835481533381,1.744992017019418,1.7118905584080295,1.7214648055964754,1.718065572629241,1.6851141620999825,1.7029117421813353,1.7232765993795354,1.699564757679861,1.7044171874802545,1.6949034106559309,1.6767139775210165,1.6888996585528846,1.7042288925603237,1.6630034638965356,1.673531209947394,1.6820585376533785,1.6771058202091913,1.6790376102344868,1.674925023043099,1.6836011363259276,1.6568604646265268,1.7014664663814099,1.6701374401167153,1.6820370410005985,1.6772398523321241,1.6870733437947882,1.668873499817929,1.7008718406054544,1.6783575689719796,1.6965906139489952,1.7025969923966795,1.7137386239144707,1.7161876101768518,1.7087382097274153,1.7362735880785103,1.7462179882676383,1.7530906714441112,1.7587141122184613,1.7805043418145716,1.7872012769917298,1.799605759477952,1.8288385771127802,1.8205576015350766,1.8497621332656287,1.8706425391768018,1.8756614452578564,1.876300522955095,1.9056086488334123,1.9242848197677513,1.9312922345005183,1.9745075302170623,1.9790862604873165,2.039631955067774,2.0396281652306243,2.065338370258324,2.1005939465609416,2.1173033543437567,2.1528388273880035,2.179489984668606,2.187733543894618,2.2580337541173545,2.285640337485809,2.3137642884434624,2.354992922166125,2.3831332015893025,2.450139681774596,2.4953423085662925,2.5355427573552567,2.591011588816182,2.6134916698834134,2.6827257614629962,2.7681596929017003,2.8099270004687087,2.871068136779107,2.9507824580316284,3.045695602643675,3.1185333159175497,3.201523853528285,3.3086319161571023,3.441796361635184,3.5084947242837736,3.6705997651804183,3.775075809403155,3.9168730610509166,4.066290730750931,4.2394439040598675,4.404095679655865,4.602652372895126,4.830735391290549,5.062096864030272,5.332606319037032,5.623623220577864,5.984405203721218,6.310393025282196,6.805887837084076,7.228580768372377,7.899357596332464,8.626845607025091,9.37993671720163,10.487713722867426
2.4,-0.06141161657958235,2.0,9.098963963748671,10.124146628601103,11.154584009403573,12.680127729337384,14.36306581402637,16.7772318292145,17.693194636347357,18.1869864163202,18.64324078152746,18.95832556151018,19.27268840119247,19.503139616370774,19.73826477592065,19.902023162424705,20.0373104667558,20.151009757481198,16.15601200242391,13.40396034336083,11.764217830542387,10.246405861271281,9.23601703931239,8.266401872035626,7.610878411347836,6.970764057962315,6.4084797631077794,6.0131447993929825,5.608364973161438,5.303349534724256,4.985931116811722,4.736129505440648,4.490122174527569,4.308668229189118,4.103338093212851,3.8980843373579592,3.7614161197827585,3.5987721777148245,3.4686157805160187,3.333034003842547,3.251857144661894,3.1318755097806945,3.042794734765863,2.9379982104529008,2.858396821560725,2.7652438038458538,2.699757868793314,2.6462485473868647,2.601885667827501,2.5167221424124535,2.451285128296104,2.3940778240034937,2.3495632552185715,2.3105056408757503,2.2652995190270926,2.198039270514386,2.1836981366224677,2.139443979773756,2.1024851926235733,2.0698475223363384,2.0470732364235635,1.9927323620851332,1.9419568827295386,1.9486425159352037,1.9037822032603524,1.8797259600340912,1.8668652500731322,1.845059107134601,1.8114676337447713,1.8045265460547715,1.7532428017724802,1.731046127294866,1.736260952769869,1.7185713111115075,1.6956108288299745,1.6901629557359403,1.668528995962744,1.6798792566589698,1.661406209096268,1.620619936964682,1.6129105271625448,1.6079793462844358,1.6048488775082697,1.5863772226759656,1.5726146268959342,1.5611758641905755,1.5745112849032397,1.5346307677738353,1.5502973021418252,1.5401366138967718,1.5193709208539548,1.521088544975063,1.5236003515358076,1.5256653515481295,1.5046981659007281,1.500819104592308,1.499325100920526,1.5113409950618635,1.505111652257659,1.5034749326615653,1.5092335762923836,1.5000467090224918,1.497417368429512,1.5223253086118091,1.5264688941604925,1.5263087141171006,1.517411440522686,1.5448796456733984,1.5735132667748482,1.5417696568324852,1.5778679383002343,1.6007311539977611,1.656608355494908,1.6494668490527422,1.662180302334575,1.7125496391665687,1.768179352654534,1.7982876689744263,1.842655930134823,1.9719468134888847,6.026369136429472,6.039088619998194,6.023645213355066,5.986151677475415,5.962328651676997,5.940575781622125,5.908744785743577,5.856459348423345,5.851202559156496,5.834820394837145,5.790860316705229,5.740053883185716,5.717148298477896,5.668385472674043,5.664199137556509,5.61468356796855,5.579531638481373,5.528785097400322,2.082594392966792,2.0273372423316802,1.975522989716266,1.9268637780880291,1.881103436833592,1.8380132588759786,1.7973884363176353,1.7590450378744114,1.7228174344329135,1.6885560971266698,1.681055273529568,1.7086397389557242,1.7376829221421268,1.768278675309109,1.8005296487598452,1.8345483203766768,1.8704581742413826,4.801667663037876,4.767656906562801,4.713991146909858,4.641177007068332,4.627544598097302,4.566489081362429,4.507020315112341,4.477119499619368,4.428731514453482,4.385113870745601,4.339698919540834,4.301716969280973,4.257776991345447,4.180268433383312,4.15846992757022,4.110993296690876,4.060946133125817,3.993479631995204,3.952011766463514,3.9136575212371105,3.866781691024696,3.8199142222869455,3.785895513144874,3.740619868614345,3.6807187348648083,3.6294306680226165,3.6115471302599547,3.5520867111976253,3.532522212134889,3.4772439219012226,3.4337683310343605,3.376079224828998,3.3353043233590576,3.3178581796019637,3.27413573081888,3.22031068154188,3.1763999365380884,3.15725241177163,3.133830898925323,3.0795073891226186,3.0266021646825805,3.0147568052996387,2.947934768605214,2.9420239339471688,2.880117092408866,2.8523224215597858,2.8301673839832135,2.81661613958851,2.7703281925540666,2.71439152467537,2.7223193056949646,2.670242413418196,2.669489691575814,2.5986232910188187,2.555220449960863,2.568241469521061,2.5206963640840065,2.484134890008935,2.4787841980274217,2.4311155136649276,2.4181472866431837,2.4059113530702096,2.384211114153524,2.350858339499498,2.3129537425262185,2.3149783223195635,2.278065467160627,2.2417447784849402,2.2272444861332197,2.2147789876079016,2.164603343386999,2.1825384317511594,2.172376908995166,2.1283133189693566,2.1293439443001616,2.0869608167187876,2.0757838239157005,2.0670996901668826,2.0458564214398764,2.024716757168883,2.0394314768658535,2.0044282708144476,1.9887972014553368,1.9706389895798702,1.9401178616211627,1.939894605588425,1.925995733234552,1.913956921255496,1.9075015139323217,1.8930850557646701,1.888325314426487,1.8815068052656234,1.8609617362002195,1.8542864358223161,1.8719377075468502,1.8437406290467862,1.802877279747968,1.8451210030140495,1.8137384866623214,1.7965865149534734,1.7830162446443427,1.788788521578301,1.7944238521502796,1.7430835866901544,1.7779754786475577,1.7597345351618925,1.755723004971262,1.7671579679644882,1.732291568813212,1.7348138044597239,1.7336273277964935,1.7365950583237313,1.7341685215694378,1.738367713082472,1.725719553365195,1.7185092649654752,1.7027953079204587,1.7139624913253302,1.7135602020459895,1.6916977422598058,1.6881360475028724,1.6840528802035175,1.739279654169244,1.7092533625900732,1.7052162959060022,1.714803697527012,1.7177521964448965,1.6988111909459747,1.7079872374110336,1.7060623678505045,1.7021058165143572,1.7070295981032086,1.7299319504909842,1.7047012467226255,1.7195048124245729,1.71298749947168,1.724055552149781,1.7468589256647198,1.7396073226757311,1.7398840733037546,1.736628465165767,1.746307970668178,1.7639363419028002,1.8049814298091136,1.7879133460447785,1.780179772470908,1.7898869351302251,1.8099344042751748,1.8296595653182512,1.8399307261284965,1.8585199034797233,1.8567179121240973,1.8751278838401755,1.8677732047520272,1.9062080699897594,1.9016515242987204,1.930542348653063,1.955737325073975,1.9856706508077635,2.00209619295379,2.010529367854467,2.045009682151552,2.049742801545867,2.095965520131948,2.108722252551506,2.1329675269067736,2.1732488091989537,2.200967843247806,2.250924590060832,2.24884297757804,2.3233333623914514,2.3551337959012058,2.3887067470764314,2.412554718657033,2.436411706448489,2.5266928896912115,2.5486744099319716,2.628965759620765,2.6629802450752087,2.7044965766673195,2.7934901585168257,2.8638289587949095,2.9099573319418726,3.0074208639248745,3.0772065512679467,3.18098299337386,3.2344265350357224,3.3446974678369137,3.4360060698364907,3.5499502383509802,3.657840415295392,3.8164321569671804,3.9075146441264805,4.080891247106531,4.2341653844608755,4.4135069023304245,4.599269953675517,4.803349867208986,5.0858142834937805,5.304822545943774,5.624670450464717,5.918598083663083,6.321389673597137,6.687990795992519,7.216364317430274,7.727948900743616,8.433700744778578
2.5,-0.11552710067673673,2.0,8.126243515600759,8.757622333947557,9.647330636346071,10.569622187148308,11.896011940947297,13.298530535076205,15.548662281096878,17.24365334595692,18.03979231364235,18.608891151687516,18.97020169247372,19.300144994891706,19.556070779416558,19.781190105884267,19.966653550610914,20.152743821129462,20.272956352598694,20.396731709530275,14.683923565811776,12.67301811302058,10.871659644242872,9.722679077347692,8.644381435242051,7.920523821028551,7.166147804915013,6.687548117435487,6.1651025698267015,5.695306360158911,5.372465904625296,5.037697484224351,4.796745476798541,4.500980097420533,4.313777780086414,4.099188516608203,3.9320371473675513,3.7533929293994737,3.584013827507759,3.481968899934049,3.321028006344706,3.2185338421669445,3.1017477524992945,3.0403281704635794,2.9227971503214714,2.8669259153589013,2.7725860073509794,2.676212287984843,2.6330860639608313,2.536133828246417,2.5017253444603997,2.41724156144728,2.374572999157893,2.3327289007253107,2.2730210609901116,2.2087671503468056,2.178229709481098,2.13294189589255,2.112754597977626,2.044914799586283,2.000342230839789,1.9981193158316264,1.9832910766625496,1.9555390617903954,1.8872301579032669,1.8498216179602385,1.8550002158183736,1.822766176418338,1.7833352318023006,1.7741224107349407,1.7673910258989292,1.736153054408069,1.723941909493581,1.694468434017647,1.6673175385025973,1.6600031379608071,1.6438822280136147,1.6423565041619206,1.607222920701945,1.594344207474396,1.6025457237484728,1.5946071514877587,1.5780101302751768,1.5697174999631456,1.5479784051849104,1.5426333198928692,1.5418020787922329,1.5094952731976963,1.518420205058144,1.481235464159044,1.51371644412339,1.505004848511751,1.4643186618244228,1.4764672118559956,1.478635999272513,1.4833561277470892,1.4645044253660344,1.462317959005539,1.4828076301945112,1.4700649116540727,1.5107376409028808,1.4972215581891157,1.487855747776891,1.5192882698488008,1.5205592124070937,1.5345958041065553,1.5152048338793507,1.56610594753157,1.5574517527936478,1.5868642590407065,1.6164846005285611,1.6559167247296533,1.705565982558467,1.7316660144347626,1.7726576393654658,1.8370547256913767,1.955906847149274,6.011943811460851,6.000751100653458,5.983355714747769,5.942216826353999,5.929284686965255,5.901968424551364,5.862117889109779,5.882379038338525,5.818261859923318,5.798926226964917,5.777717026233175,5.727030933891369,5.721872907806109,5.6664430093498845,5.663915732979628,5.592450535148378,2.0715668306816943,2.0085281605575744,1.9497893783228495,1.8949496023601602,1.8436567199823672,1.7956002097004748,1.7505051955724065,1.708127493790014,1.6682494635784313,1.6306765140888886,1.599355573365073,1.6225094051585052,1.6468526870433755,1.672454963095848,1.6993918684460856,1.727745784798042,1.7576065836034396,1.7890724708117836,4.823707862566472,4.796139540804429,4.74054273559609,4.692106699924836,4.639650042679076,4.595557841832317,4.546360429850354,4.523818332218731,4.46578951342455,4.426053476814513,4.357097117906898,4.311211867756544,4.27551723689202,4.221597596717815,4.183733182514502,4.142558190723518,4.091114728981496,4.054538223190656,3.998433734304712,3.9651359042677123,3.921831025391841,3.8585887470441333,3.832374495608402,3.7692190330638424,3.7361721381786106,3.7044231625976365,3.6554272964661236,3.625021143322422,3.5698924146615587,3.511257634089909,3.498659653204542,3.417005324044503,3.402728564725073,3.3585753888434984,3.327631026121154,3.260502325650239,3.233146377149191,3.204010938163311,3.145559016336979,3.1230366294128347,3.079170819136644,3.07592870426116,3.0143633364337554,2.992090146090823,2.918272577661367,2.903435719252481,2.882918474258899,2.8471697630319706,2.7999959418135973,2.7645573148180698,2.7651108288707786,2.7244692095138996,2.6890366744304055,2.6323425684013895,2.607405554415346,2.583763355279191,2.5463348311850194,2.560702259075496,2.5031543429434473,2.4897673324483724,2.4539419166427954,2.432389593758364,2.389161513308923,2.3977751727264187,2.365031716685373,2.3293968455594065,2.3048197254926412,29.989408101850266,2.269317129377614,2.2276094350825026,2.2235031217656895,2.2078705611091767,2.20049753286668,2.1490777771537926,2.135256516241042,2.1230990745631293,2.115312729389069,2.1025908361055734,2.0518026447595874,2.0638087571780717,2.0581510609338385,2.0184888250470374,2.0169371738677273,2.015775229164786,1.9889341699447662,1.9784540583614174,1.9650096843583842,1.9457637258918472,1.9490990344752541,1.929359932789153,1.8957265862063035,1.897751774517968,1.8929356578655683,1.8722432543438965,1.896979568487723,1.863140199644927,1.8438317079584066,1.8442994346145714,1.8361371770610142,1.8291540720035875,1.8252680778431243,1.808692607487969,1.8184396397382208,1.7803518425237663,1.8008070567038041,1.787868405364686,1.7793956331571539,1.7656092520674997,1.763586167001581,1.7781856441780601,1.7683738020039013,1.7564588245024235,1.749625195458513,1.7146826358432448,1.7416573922696614,1.7373601164232646,1.7593379075833329,1.7433298034828306,1.7299650273168485,1.7292977756037362,1.735901582847515,1.7412253303716128,1.7278855619598221,1.7127870962974578,1.7187102144586415,1.7249426064532671,1.735088474146642,1.7385126102485,1.7398436208183887,1.7356380679722119,1.730529945859991,1.73608807009611,1.7304763330799735,1.734176315357335,1.7321099219180327,1.758466303091528,1.773535071729904,1.774647018093757,1.7436529486879828,1.7643306031148218,1.7599038173334236,1.7804173915543506,1.7707718673263582,1.7694649330726757,1.8061242599101324,1.7892015608452152,1.7892314106688274,1.7768695367483425,1.8306294735709685,1.8129149196645413,1.8384059945938376,1.8243625522824727,1.853177923007243,1.8266522727588064,1.8785037330595773,1.8892364218865494,1.8927232889643815,1.926509695758369,1.940828844254948,1.911623774600066,1.943175146158626,1.971586556271168,1.9989804562577025,2.009350072752985,2.051274700783007,2.048033835997378,2.063159565552492,2.103706283908812,2.1466958497440305,2.146588614592738,2.1709882665600815,2.2075411599372323,2.238430554536114,2.2837314429938393,2.3060004531255975,2.3236207452684337,2.3550275425021474,2.4327051459072155,2.439311350941635,2.505344631450075,2.5638678389755474,2.5693257743762663,2.629278613976373,2.677286166451938,2.7548614612298716,2.81638478853344,2.882493571554885,2.9561348330417974,3.010727798834423,3.1139019150972143,3.163051830767732,3.2310118085989954,3.3641352229659565,3.4552607311515615,3.5451077040940184,3.661294786401551,3.8033220373483423,3.9446740287747257,4.081892495184496,4.203136054943753,4.405013226211606,4.576278265432001,4.779569710202577,5.00347982746129,5.261722454279787,5.541451464360706,5.8265290124838796,6.188439649820525,6.548012453850115,7.032545029165154,7.478172069786958
2.6,-0.14868418205143993,2.0,6.748790314130799,7.250383293601582,7.708043635332141,8.379845559787292,9.002778197578449,9.967000019092826,11.082946131037229,12.243449981701605,14.050225931916195,16.005261147386374,17.741040728483107,18.322336801687474,18.840652596036726,19.161916877945156,19.567358720072725,19.82797683540483,20.01208301263939,20.23447680328645,20.38277793143705,20.50410330929595,20.574606735224393,14.161027549800089,12.201350339132079,10.474431655893452,9.193303774487804,8.337414147824774,7.48342583637253,6.9197378067289,6.337017171910207,5.936899246615686,5.477202507682925,5.195503235932374,4.851826439656055,4.570144731637266,4.334391919650354,4.134976738766433,3.9720474680597833,3.7728439827036286,3.6058583450804673,3.4778470282553893,3.3652259622097516,3.219415281766132,3.080722542637025,2.9948967608182055,2.889644591646322,2.8024293063536567,2.7494980960871764,2.6712411018614834,2.5688115969632688,2.516525920365446,2.4286810818917632,2.367211248259317,2.3431390755072004,2.27009307257935,2.2102046851479424,2.168539083636729,2.1480408206472905,2.1167012528918323,2.0730993528629496,2.009732996699546,1.9730119488978917,1.940175831270506,1.9370434444407938,1.9019772518765967,1.8402231295012201,1.8250632959788466,1.8035383865875076,1.780963065118144,1.7576536709497652,1.7259266596351512,1.7157698830216308,1.7010018045318855,1.6968827451115298,1.6411811986091127,1.6416375271570347,1.606531393016854,1.57078029724586,1.5630884379838204,1.5777341505423321,1.5639662480259453,1.5537306247933083,1.530996120612137,1.5191936057185675,1.5096869460681275,1.4912194305584396,1.4945381122711157,1.4796279779540595,1.4719285151118902,1.4699229817554489,1.4571988682551904,1.4768415544380704,1.44131311995321,1.4611665949711001,1.444874740986432,1.4499312470328525,1.4634865860858275,1.4783074872438953,1.4718039438680801,1.4708203197707805,1.4675434244807486,1.5016489554424686,1.5148693388342866,1.5412461691014248,1.5394074927596806,1.5600884463921387,1.6276694019069844,1.6171837638423516,1.63209827395617,1.6661464860243975,1.759571890433727,1.7739100554241902,1.8486868475420453,1.9426017363682382,6.038512142061204,6.003269026976283,5.971387983283567,5.950523044743235,5.914986713456126,5.905722036049774,5.8887049172839205,5.867617499741488,5.813275296948754,5.781625643571145,5.743370559637823,5.709526857952823,5.685704458239035,5.67516612149035,5.620677271867545,1.988727350181471,1.9233806698988487,1.8627413285241101,1.8063423461593857,1.7537769411109543,1.7046891511536115,1.6587661558144062,1.6157319503352756,1.5753421016322366,1.5373793763588333,1.5555642644565755,1.5766115723950738,1.5987301000373593,1.6219793553541613,1.6464238942720042,1.6721338411031295,1.6991854758726983,1.727661898729264,4.859627763927738,4.813660298927639,4.754292832123477,4.750697043147127,4.688182612383388,4.64435051267221,4.603246613332931,4.5735924540382165,4.49650287320853,4.464996704109989,4.397606669770165,4.365689591387738,4.323194861580616,4.296462901599903,4.234752016153687,4.182178336781104,4.1494295311791465,4.067872397388702,4.039786723127426,4.005786129287838,3.9563568026198617,3.911243431257022,3.850390064217834,3.8281784758268165,3.771951085902537,3.744873329851361,3.688033721239559,3.634989706799501,3.6033884267783707,3.578905136850564,3.5312394796442055,3.4599142568913948,3.4502103715615395,3.377644237237803,3.3493148016927607,3.320407228118773,3.3024116162652657,3.227981887370834,3.191511379689375,3.1637566710682936,3.1349836341878223,3.104043943185134,3.0324513546764957,3.0210781084164244,2.9830240637038874,2.9452479173810833,2.8909151891170612,2.8944941128124655,2.853754954298982,2.830328989561658,2.783845702544428,2.743775063211423,2.7207569909506386,2.6976805307690324,2.6391864352750005,2.634570061947607,2.595660957616002,2.5780946399037568,2.530756682870167,2.508943419599342,2.490619357399026,2.486854573885554,2.4600876713691626,2.4269170785415817,2.3950851636091106,2.3323564281862272,2.34719732269027,2.304337231064491,2.3086190251568133,2.2710876713451387,2.2669494317144876,2.2446842832935063,2.2444178037725337,2.2182454221487506,2.18108369435698,2.151563892965831,2.1341050023706902,2.1185508684442724,2.1263398186016804,2.0984881093144643,2.0759307867192645,2.057099018305065,2.0314920508985566,2.0257830023880037,2.0217897047475133,1.9980280434143174,2.009631151471547,1.9581465619216818,1.9725978413588308,1.9466558241497234,1.9267490981845732,1.9337535551881178,1.9229615851362623,1.9079491232603543,1.9119389209713376,1.8986935554448452,1.868256960865362,1.892879648993367,1.8715494114434255,1.8534586810014142,1.8443437204229824,1.8216087059157542,1.8170567539079219,1.7993614699097233,1.8149972250936406,1.7919010168091238,1.7990193962714174,1.7789478268068688,1.7690869756793073,1.7739823632314367,1.7564326688543734,1.7841599822075027,1.7816026826276423,1.7745735968631824,1.7643271838100534,1.743874892933465,1.7775085498342738,1.7487562611161056,1.7314099315797649,1.749125380691857,1.7582363873239775,1.7517043939057146,1.7530553478496957,1.7569798468817948,1.7569197127898324,1.7419579983441886,1.755610516596528,1.7389158937319102,1.7482413911539747,1.7378563806177703,1.7368566565738974,1.7303491755343694,1.7728527448276783,1.7497186107410125,1.7536680257081694,1.7614945680885157,1.763897611442514,1.758723126269267,1.7701444740359025,1.7448099550039942,1.7828467645483137,1.7997633022968453,1.7927748756336561,1.7674609461696837,1.8109137947956246,1.7889188916736436,1.8038508552041674,1.8271401973207424,1.8134044302765913,1.8277670726333466,1.8422514835987196,1.8640151735002455,1.8443779459886145,1.857979466507656,1.8583274229514926,1.8689125996726794,1.8845782588604083,1.8938422698544146,1.89926437635137,1.9050143027144366,1.9303538498839936,1.9427476071711942,1.9627311174492803,1.9634442617170031,1.9492712348075354,1.9966152344782795,2.029082372474662,2.050061489709718,2.0587380415652303,2.084771004763286,2.112912899602319,2.112632810888973,2.116660802917805,2.159650003807606,2.1970436620605645,2.2171109743136297,2.2333924944037142,2.278662866599003,2.307480727503447,2.3474763601464135,2.371159536459363,2.4182678993103752,2.454467673281317,2.4902916758524336,2.5408837558100137,2.5663596106814546,2.604121482922462,2.669144672342892,2.71358600368778,2.772013133889706,2.835459729385024,2.898520382695394,2.9466774255517763,3.0434125019253457,3.1053152897368883,3.1900818156105712,3.279377491540684,3.345935533182223,3.4562975692774422,3.564758027391133,3.675641308152046,3.7737099260839715,3.9065924708032305,4.042523182807269,4.194005652932591,4.398528093814968,4.533008243325161,4.725471246166754,4.941059055552583,5.177720022073261,5.420439876052695,5.727087788541841,6.003963881189543,6.391445930980186
2.7,-0.3404426518325161,2.0,5.807896800167017,6.091208248862868,6.4656208010399165,6.834289660256546,7.307560492997716,7.880845640332729,8.448157777665182,9.194747763151103,9.956844753724624,11.06088049815634,12.17613187637565,13.88083833691655,15.685373580633948,17.702336229571973,18.527524541149422,18.967321367616737,19.367489783053962,19.69201217496,19.97031896238187,20.20265744513142,20.399529441429138,20.525314446472464,20.676850963783657,20.77291000253511,14.410576737507833,11.963577537736748,10.50157221448856,9.151902904191388,8.247840055575782,7.416148717861019,6.844017349732642,6.218135688349627,5.736456108378623,5.390608726820768,5.018881865065455,4.730705887016592,4.443686856783189,4.2370307695420655,4.019989410991706,3.837181380641128,3.6469339707893034,3.4902839242630472,3.3626501964815945,3.2211889157264464,3.1149217916958047,2.985117879104033,2.8992175749700717,2.7908749441371907,2.717832633791966,2.648496936459469,2.555936429013582,2.499296463278534,2.402775049484627,2.3649713078140477,2.2916443449016404,2.257499472282587,2.191995302298501,2.15254748428765,2.0907641602338036,2.0707357214566167,2.003995847969081,1.9693834101393088,1.9319085516327528,1.892033740692601,1.8764074253891663,1.8373615337695663,1.8122288968971065,1.7639234626551732,1.7324321777202387,1.7437093361879257,1.6944656115058054,1.6719056592947283,1.661793927774891,1.6370353628807335,1.6137161570618845,1.5992800184350835,1.5699707047750642,1.563187892681752,1.5540522219407265,1.5286530565401715,1.504145817619152,1.4934186933530906,1.4967697542267375,1.4890501358863248,1.4819660490504647,1.445006778764097,1.4529207243818598,1.455392822192663,1.453494218848748,1.4871411107296861,1.4311408171260986,1.4452522146224638,1.4456354117219035,1.4600790003571835,1.4504700780440616,1.4456436246259143,1.4817779447820365,1.481353865791609,1.5087368464533444,1.494072262922504,1.5442974371748441,1.538263600662722,1.539843966608646,1.5930638026361859,1.5988404737740836,1.6287429861708036,1.6845422315801915,1.686365370571945,1.7696566924530928,1.8034088201029674,1.893479795571758,6.009312108612264,5.997093697110328,5.9664648407226615,5.931615746924807,5.939958449253801,5.895444393214461,5.898141133191024,5.853485590566773,5.811845094962632,5.790137587976753,5.7632022083207355,5.734318835157141,5.684247232780234,5.658754908097778,1.9448175821396096,1.871538672838701,1.8041112043537701,1.7418856468034054,1.6843055515515586,1.630891472105203,1.5812281072818442,1.5349539376538281,1.491752808861677,1.5034106532503955,1.5208476909922346,1.5391684810294075,1.558416730967448,1.5786396414581982,1.5998882343279766,1.6222177196461802,1.6456879071614623,1.670363668419188,4.921975097799269,4.879881764858412,4.848241570338045,4.780327119009178,4.736830783919104,4.706142076311932,4.634736474932901,4.632444524086894,4.563191753980215,4.519839759204169,4.468646788382225,4.463376585412991,4.365172670166544,4.325183008753052,4.2852387259488705,4.249608481099832,4.1896256419484565,4.146264072746498,4.120671735095092,4.085184514546121,4.048189136256491,3.988339375568139,3.9084450009225686,3.874427795705136,3.8305373679393777,3.819012776365843,3.755534838384124,3.712842591235982,3.6750734894616945,3.5953428084927017,3.59231632722914,3.516136921702216,3.498886207476061,3.4716310949280906,3.4043481667585267,3.3707590744316955,3.332066741419099,3.2882768409840977,3.253244855400517,3.226448391925254,3.193762367245369,3.1411419925992843,3.0954848000634,3.059941306002619,3.032640856359644,2.9994121563146625,2.964943307320364,2.929227681498732,2.8835239128029624,2.8606401332154543,2.809427242796948,2.776672821856987,2.7463397562871843,2.735135401952866,2.728928538914449,2.687255615057967,2.635892117310591,2.603607415035644,2.598387795940775,2.5556439364724763,2.5435059135235303,2.5408874182676007,2.4756234587389203,2.467320168665418,2.4448658015769125,2.4023109629631487,2.3868929785204847,2.379244727075666,2.317904739150329,2.30964539717327,2.3016980463404724,2.291288172700907,2.242453815338962,2.231472326389712,2.1980140924207947,2.205567871841281,2.183746739082495,2.143101889067345,2.1683457609381116,2.1222047396668726,2.1006642899347057,2.095399461443548,2.0717895300210025,2.067270152430277,2.0412970253136495,2.060692507103609,1.9967139636739342,1.9865005377823917,1.9676383889419198,1.966517728039912,1.9414065687799298,1.9529107929653422,1.9198437923553537,1.923853856427241,1.8958487929465806,1.8968353366927415,1.882522528013925,1.907640241226119,1.879978342155252,1.875422557074004,1.8540769872388254,1.8492908795764311,1.8395977043238416,29.989545561890058,1.8344577431378908,1.810118324976476,1.813950160078848,1.8205024709779563,1.788262188521883,1.8092659295203042,1.7776651623877773,1.791013993817792,1.7771530764971843,1.7758506223563275,1.7791970129886103,1.770251270323793,1.7646250140523585,1.7492147629419508,1.7807350605374273,1.7619170983818242,1.7399972145861236,1.740333737276021,1.7246247721972883,1.7511354934252599,1.7371993651230955,1.7621388441306227,1.7639668246888318,1.7633118442834521,1.7611727416327727,1.740395352743849,1.7583420856115533,1.7407474092816395,1.7442547249444602,1.7458990827452894,1.7678488640875658,1.7572822123209944,1.7705861848250752,1.7697848978970854,1.765688672707381,1.7965124458789654,1.7743289823111748,1.7778734060376271,1.7928489048500742,1.8028619597157634,1.7818401012130411,1.8146719487732832,1.8115979037524232,1.8015329353910543,1.8249654322820628,1.8322339753914092,1.8382602547249838,1.8498676303460293,1.8783441214546173,1.8523301278307762,1.8656061081999231,1.8635767675709207,1.8719078196995942,1.8734792212496376,1.9173373867845105,1.9340085621944012,1.9464116056983347,1.9295765943297516,1.9589380776421965,1.9410639235917255,1.9681525851691157,1.9809486037994668,1.976358710604865,1.9916234915189712,2.0005263656768273,2.021931407241805,2.055156347459424,2.074051124471226,2.053156847837579,2.087891581774228,2.121668940712773,2.11190960215957,2.143752564984719,2.185489509819207,2.217605046086664,2.2530833174059617,2.254763201763725,2.32183279347329,2.315352778539815,2.327756064942874,2.3864231563266536,2.414270488119466,2.4432163679658383,2.4714837495488498,2.5245633280817037,2.568632235722414,2.606150289159015,2.6645410741606668,2.6723023297797375,2.7473190048993024,2.775861777792466,2.8394126500990144,2.9123644093206256,2.963157581715159,3.0529971861586294,3.1111402241583512,3.195455500228556,3.261227217167021,3.3244117062467287,3.4562806000570645,3.5547752365535206,3.6342786968266276,3.7683717562847536,3.887547460372452,4.027533348124914,4.159625338352017,4.2828102230005385,4.49396412654775,4.638934465496588,4.835761291168196,5.02393060547021,5.285587000868287,5.547284424217432
2.8,-0.52,2.0,4.811596763652117,4.989683487946171,5.224436108055466,5.435624267314487,5.738720147183863,6.031367432105784,6.354238824071575,6.729138781004494,7.140118842951838,7.609571536089944,8.1060819148441,8.79309734481776,9.438569594743162,10.383774935494321,11.5173255364761,12.689548995116096,14.44297382415217,16.357255648998915,18.08506394611119,18.698215700988968,19.23680740002498,19.573696337923014,19.92355119729265,20.213313318872647,20.421568524343932,20.636558977776883,20.74928998733355,20.88626820103532,17.075069578840175,13.558173036392516,11.602068145501526,9.898969795232684,8.601828766537567,7.791236485448783,6.938723564101333,6.430147850454867,5.865536095054165,5.463476460937399,5.068569936833623,4.755714563246814,4.4567507605561625,4.1959061946946825,3.981684594034614,3.7733634158881006,3.608527724211662,3.442939981255779,3.2942600874104735,3.154112510186807,3.0125756565696054,2.9334115725820866,2.825290477279555,2.7338997700880117,2.6260363375871116,2.5464449087679992,2.491638379262394,2.415959246694083,2.35326813033686,2.292211369990129,2.2279542845337628,2.161454231357379,2.1252103918454326,2.0537128484251026,2.0249464655767886,1.9570994182332364,1.9334946177235701,1.873707178988759,1.8573152522824061,1.8263486408003644,1.7737617430077015,1.7616766053311665,1.7259196341166938,1.6930997758011899,1.660533573360251,1.6542834588733195,1.6056472761836567,1.6048059667310672,1.571877015878439,1.558291069383877,1.552475021564661,1.5171956640683246,1.4851986107280484,1.4855239817599493,1.4701643018687325,1.489545659060139,1.4723453300503604,1.450126998813234,1.464545816346347,1.4239819597340118,1.4492035870017603,1.44870247252924,1.450761574137731,1.4366847976186574,1.4281663584265956,1.4405473060237135,1.4687979462548475,1.469941919071809,1.468008831948858,1.4731739650985354,1.5003606817161335,1.5134051855819715,1.5152761796296386,1.532891407699063,1.5577149824713528,1.550746380118601,1.5706400688030784,1.6353255500631454,1.6565921860797537,1.7016971097696474,1.749420830108935,1.8091642978946438,1.9071930153830148,6.008576116630245,5.996615325903082,5.980210814300835,5.948246838681956,5.913051190980707,5.890450919352871,5.835443323785779,5.825685812017573,5.807217101299313,5.789451263610224,5.747460930673929,5.7328729312718485,1.9430135043253232,1.8580773794525898,1.7807758906854718,1.7101497504177379,1.6453942791953635,1.5858294825312622,1.5308768188825084,1.480040975945495,1.4539013507842258,1.4682369425991109,1.483314552639475,1.4991666175542437,1.5158280609347425,1.5333365061731443,1.5517325129119226,1.5710598401096485,1.5913657392053695,1.612701281399522,5.01551580923049,4.956054313854036,4.882340546782505,4.884928235285087,4.818700205047333,4.795149203171022,4.7668904347026535,4.700837034467169,4.653210455058267,4.593274054248607,4.5608270689397195,4.525841801302373,4.463482027173301,4.419603977187001,4.382866356183754,4.328783348253998,4.2914713074876305,4.242196359870938,4.198630704156684,4.142498752327449,4.105628122197646,4.079973323745327,4.001306625006322,3.956401207905658,3.9238607298774077,3.893347786060462,3.85101743503747,3.7829956030853475,3.740236489637212,3.699170011854846,3.6701364255990048,3.6108395694486513,3.5730007350123634,3.5343897670678617,3.497382061789402,3.4552991284934325,3.4081067447013953,3.386497876028147,3.3136859422035156,3.2998301747514054,3.2428069155862747,3.208945494496014,3.1882436163161803,3.134822396624708,3.102997731965076,3.0522185147046264,3.029123704535824,3.003388690909753,2.953193592667262,2.9287742543391135,2.8849184783283475,2.8560297832254435,2.8489509093514442,2.8095505416616855,2.7543682205728737,2.7374284603268326,2.7078240942812415,2.7183404114170338,2.646018715518973,2.6419694866318055,2.5777426316841976,2.5742547600983623,2.5486432694834082,2.533771462046326,2.4765322593481076,2.453638494563359,2.4199807041025876,2.4019499262257957,2.3822592210725104,2.3594726226060936,2.3309056019820713,2.3109532346076054,2.294891534493536,2.290079966634123,2.2516893620286482,2.2391056753650145,2.2285334284274003,2.1906656868960264,2.1875986715464832,2.156919420638819,2.1509405206605905,2.1256787048106216,2.1152168689967987,2.1066718563985853,2.0940239405866827,2.0629703389636695,2.047996701829003,2.016334118108775,2.013323839270809,2.0258686860858957,1.9815041835514802,1.981292648228812,1.9815408362800144,1.9708321894450112,1.933841533119115,30.000179878596185,1.925420668555921,1.9055341550973195,1.8867671135910458,1.8957733304269833,1.8757066277152667,1.875045487799565,1.8671432907564631,1.8559378511870928,1.8431935648569489,1.8461630510077847,1.8442199960957208,1.8284741037841228,1.8278495013670517,1.7948105952321087,1.7963905761404677,1.8027974663754462,1.794616797687114,1.801171620658325,1.796895603468932,1.7716955777778243,1.7715845900518823,1.7729226768402198,1.7767262351724529,1.7802247266259685,1.7630885826611975,1.7633847737684785,1.7790839305594026,1.7565909663971344,1.7526410701147053,1.7740247010068697,1.7513248306599123,1.7589879955347485,1.74057419257862,1.7606325693574207,1.7525218817345594,1.7720949761197025,1.757600007769997,1.7436021358193872,1.7432634228597728,1.7737028604683065,1.7366540555825587,1.7962033471161716,1.7670458952597605,1.7845005100008513,1.772863168202324,1.7837130149781992,1.7812102306487065,1.8141329764516454,1.7793341232028275,1.8089996578699097,1.7948690963998597,1.813276412147878,1.7843773059704453,1.820357110525942,1.806084532125492,1.848994434401203,1.83593617207732,1.84944254290055,1.8558751070004262,1.8802917895716817,1.8586135089861,1.873118395298325,1.8983805553889128,1.8978237295254727,1.9060970421444812,1.909857811592189,1.9416184796642277,1.9310662004731942,1.9253586158221454,1.9758652065011273,1.982669814891377,1.999514535179216,2.00058200781542,1.9974593893158494,2.033825073764008,2.0511804992913962,2.0478707191803243,2.07929553855912,2.0537931649525825,2.1028593437761383,2.1375620444297527,2.1358210614886217,2.13844320906006,2.1527845536117525,2.193012870317958,2.2042419800323865,2.231165809078525,2.2468683252913775,2.2898377508494714,2.2794915450342934,2.3359232191437345,2.3408440734026095,2.374519531931979,2.4023668307296213,2.436398077947417,2.480552907649224,2.4978977543182213,2.5553949170141053,2.576334997149439,2.6130276322822104,2.6579050963486384,2.7283964548326174,2.7745461983734456,2.8017465397439665,2.8530410649187212,2.930080767188579,2.9651745026164575,3.0372311511414836,3.0753393219189507,3.164698880762536,3.2253053210488987,3.3143571721321705,3.4060124983472404,3.5113060123946807,3.587959221704022,3.7062326932483693,3.8024642622422733,3.9178136047050724,4.004552744471363,4.163921727573066,4.3096047054085656,4.467865640691586,4.66360117385045
2.9,-0.17411341760790988,2.0,3.594641795808062,3.6901157097637767,3.782205306841504,3.9099881824905625,3.997587407907137,4.134621070272885,4.26839662219467,4.400791030178381,4.534566397894963,4.73139191178039,4.886973261963175,5.089829359328051,5.316912886612969,5.530272180372174,5.809623135284058,6.071576820906677,6.389810759562664,6.707774061490049,7.129314532480464,7.518397896572559,8.047742157565828,8.679536814864374,9.298009944497851,10.121471097998425,10.966956888634192,12.16848887818,13.394992584368355,15.277360798624079,17.284005844504602,18.48070191057177,19.113420267970174,19.500846307275317,19.93138302069851,20.203254886883645,20.454009347688363,20.641709401600345,20.820467310439682,20.960419772603725,21.069974669417668,14.917595029082738,12.346525267528948,10.262815454021869,8.998870089339507,7.841191884903981,7.087163204064691,6.358812188806134,5.754891026534314,5.343033277371097,4.903033247566347,4.612013298459735,4.2896455629119545,4.053868809096708,3.8508053886309965,3.6230331356007217,3.445665900168458,3.2616870639747755,3.130435494431977,2.9931828859058944,2.8986447985357597,2.7615090925148427,2.684800660257024,2.58114374614596,2.4858052314285164,2.408474623337427,2.3217293724116943,2.26868732659222,2.197373463003406,2.108116241123645,2.0701953383815566,2.0079877641172232,1.9633772814483552,1.9309923674578202,1.8914159470645067,1.8293159715846683,1.7963576048866219,1.7757180956682128,1.7354951784179744,1.6790272224650722,1.6761017975289842,1.6300189878645308,1.605934441963132,1.5671935970400739,1.570708200355067,1.5198012602841204,1.4951297605519263,1.471477766957601,1.4995575781838302,1.4654493409667768,1.443988645311992,1.4780898636556292,1.4538526070959386,1.4651225234273682,1.4180857800116438,1.4175506820199122,1.4425437365684635,1.388043502633419,1.4362213239329993,1.418882518678471,1.4233772380657397,1.4419092616519986,1.4300866229241103,1.4269729151124255,1.440968782317927,1.4490108072168844,1.4465603296664915,1.4676770375493668,1.484642061663573,1.4886590282661187,1.5128659728149245,1.5251398590970833,1.5508354333012353,1.6148410772249566,1.6396459890113204,1.6743024039041636,1.6937670117033983,1.7516680199419257,1.827102432857696,2.033212869230437,5.947675746776551,5.957603108814274,5.9226016828020365,5.899216739069301,5.902259481758896,5.858006374479661,5.8366445329352,5.773449686781628,5.759293271106486,5.721148458669364,1.9144409685895212,1.810637544216067,1.7180084587765734,1.6348695442220953,1.5598592111728469,1.4918647646852843,1.4299680354003037,1.415528713251184,1.4267791976879869,1.438651854340248,1.4511696776971006,1.4643573917994461,1.4782415814185512,1.4928508368707947,1.5082159140523244,1.5243699114975835,1.5413484665204427,5.103473748196889,5.040154365892296,4.97161668440326,4.949279519434143,4.8882794399506535,4.86892995595653,4.80633026746678,4.772082213373237,4.711845430068452,4.681321241410611,4.674131775398155,4.585742962426381,4.558236123973574,4.492360638203633,4.463469047889876,4.401068202226219,4.355832724545869,4.31906345739152,4.254879561826054,4.2218601065740335,4.186488120740151,4.169867356240567,4.122959701222923,4.0777416665092305,4.020790698950445,3.9601683589423278,3.937646450489184,3.870608404403596,3.836491003919869,3.815119803952726,3.767021487823497,3.7366827726277414,3.681930793557774,3.6206944470747073,3.5968069691329236,3.554609109931122,3.498053396635197,3.4701992807321296,3.4154252965489653,3.4249856860552006,3.333871060142579,3.3122706751577686,3.2461667932395226,3.225293482403072,3.1941233989306874,3.161318151020835,3.106073240755028,3.098569270051185,3.049030592301059,3.0245518204771207,2.9901167217109434,2.9800417925042106,2.9046576838590727,2.891409926165004,2.8630004140950507,2.8157656910523454,2.759802328001055,2.7675115156608956,2.7397454936574697,2.702888394297019,2.6572286461787047,2.6486962378164276,2.6013520348809727,2.581202862589873,2.5392728756418146,2.529841177063311,2.5133356136763783,2.4804243689841816,2.452482440012237,2.4394722701341367,2.4031791243875786,2.3829059480692827,2.3438649499227697,2.3314994380944305,2.336187361644609,2.266364161506516,2.2845594853480162,2.2553783908117784,2.232453693190089,2.2264038654927045,2.223319455864694,2.2040755020751504,2.1687379303229655,2.154608631926804,2.1411060479961446,2.1169756417065173,2.0965262836806913,2.096443754655866,2.0641456647188736,2.0452698906165914,2.0312501598797685,29.983200152377975,2.0119072819945525,1.9933338905363953,2.004931422281313,1.9930125464882407,1.9524778435271977,1.9665265142892745,1.9460966703085603,1.941947968594656,1.9177171225600291,1.913225586755214,1.8987145111532802,1.8819997796061156,1.883684153328493,1.8774753840040201,1.8764868315208563,1.8647632511538994,1.865672546548763,1.8474357080551684,1.8255892410575567,1.833176500072624,1.8280992710190662,1.8397086052772427,1.7982802814739636,1.8084623210304047,1.8371497279362128,1.8133605391528924,1.8106485051959955,1.7898743606722936,1.771857718634134,1.8002076156507123,1.7694940956639706,1.8082071088348872,1.778845541946504,1.7768272999320103,1.7834693596756115,1.770616674694789,1.7716569813229934,1.7995668536825384,1.7897492151843009,1.8077363451535957,1.7958938894006944,1.8003104699806833,1.804695199028105,1.782753735190223,1.7890079614636212,1.790476191822727,1.7784325288696121,1.7812725713080835,1.8099774341490589,1.7900464568280976,1.795704342052121,1.798238227610554,1.789484865274835,1.82858233390025,1.8021231887435083,1.8521323697039456,1.8420863385908617,1.8127062552028286,1.8433904582081289,1.8421996149316595,1.8460951274346087,1.8797270072720027,1.8833750190672756,1.8680388953586946,1.8903844947593345,1.8896007245801547,1.8894935172289766,1.8860006278092065,1.8992746281606008,1.9005387010978045,1.9433557838415667,1.9415117289874022,1.9619015094358254,1.9679033056661663,1.979042937182181,1.9749313960551254,1.9876890444030764,2.0305426663925408,1.9973761038136788,1.9967400792859324,2.0553815322449642,2.0711771991771517,2.0864472680289827,2.1190545616589525,2.1321934904025195,2.1331807579659245,2.1276096243127083,2.160973651545068,2.198854733298615,2.202141507928931,2.198809583728788,2.239218439877037,2.2644978811207452,2.264485067405868,2.2940721258016925,2.3178751259993886,2.3421418880852194,2.3611097204551093,2.3797826247982488,2.417958975312866,2.441400511519374,2.461595333408332,2.491691513222283,2.4968713742122577,2.5523337645470177,2.5731131674503542,2.6209415110369454,2.6617128240287142,2.6954501941776816,2.7369743404151174,2.773490883635363,2.822017915996652,2.877049416804223,2.9170076160955634,2.964139504176445,3.032924536621448,3.0843353695701894,3.1525071462086447,3.2133377219037587,3.282336327546336,3.382120678581879,3.4241318358525827,3.54251519789414
3.0,-0.18934209637724408,2.0,3.2992318155497133,3.3763833101310374,3.413904979644417,3.5017159873476276,3.586054127838297,3.675174127229275,3.746220680301957,3.8545685287142932,3.9523063539733982,4.069137934411974,4.179520248061457,4.296405795810827,4.441032809166552,4.555577282065099,4.742093648638937,4.866133778345398,5.106326145633511,5.300230938983568,5.451158665899524,5.720212063332974,5.9410186205425335,6.235434240563714,6.532639179602155,6.8718984437427615,7.223771262518982,7.686124666733107,8.225048147056059,8.692283535978039,9.380525518852544,10.026827555413465,10.93550230422669,11.88826008436748,13.214962745568362,14.904045229981794,16.684328516986618,18.381745581245127,18.962320936595322,19.533928107019182,19.874944376058263,20.237948859563435,20.479694012948816,20.728979412814653,20.91355225140216,21.06980370534328,21.1636482869789,16.536380529668076,12.617780447450022,10.54941350077023,8.804764415358562,7.746340919886875,6.755081294861941,6.020583635935121,5.500912607145215,4.984428210569871,4.636935729517967,4.296952890424823,4.026907184724995,3.731768103491575,3.5293363566154805,3.3539827079920124,3.1435972389680287,3.010946677112238,2.863697223233974,2.739273741722648,2.6183976734926757,2.510533737908686,2.446574012424823,2.3429361727123124,2.225382262893666,2.166766647988641,2.0893991176368765,2.036885457033413,1.9759397197732886,1.924302285460647,1.8804710998817176,1.8296875533116437,1.782024420179552,1.7533655927967244,1.676188060255678,1.6632067216650805,1.6282797708067431,1.5823479842470147,1.5420565000165614,1.525427872483624,1.4948176985184398,1.4862540067988725,1.4730161203794607,1.4329270093067143,1.4573438130856382,1.4257050674896685,1.4395789387956666,1.4021906783233382,1.3845137676921255,1.3744799364231493,1.38330070923136,1.3835271830721374,1.3825078369904094,1.3807026291393947,1.3715446239025626,1.3927265766204058,1.3739263747597499,1.3970705471936864,1.3726953487384657,1.3908632284430755,1.394371072393273,1.4245594026497825,1.4425433443865945,1.4327413150942065,1.442710440185737,1.4744655516282539,1.4765915732004966,1.508317079904345,1.53825504101345,1.5782136409615726,1.6062008789535638,1.6452738009203698,1.6721979217557994,1.706501572619521,1.8276349567879977,1.9292314042949097,5.913027745608953,5.914588812482337,5.901933540024139,5.8513904779991925,5.841798646439236,5.800349302914845,5.791510732154864,5.760428527728477,5.729367672732245,1.8245079914608255,1.716022745368502,1.6201805187850846,1.5349208111016401,1.4586080964488457,1.3899276508679528,1.3673922384343022,1.3770226559373662,1.3872154039883853,1.3979893488007762,1.4093647862362064,1.4213635430358418,1.4340090883478132,1.4473266566858498,1.4613433836063134,1.4760884555659692,1.4915932756246362,5.111581366175244,5.059693562495902,4.994324249120274,4.991484011288216,4.928807752223256,4.8930664090315785,4.854284331755743,4.798238851199433,4.7676074175065,4.72209832371749,4.649246906237956,4.623437171611105,4.580105264080188,4.5416639556416145,4.499165601815974,4.462479507585508,4.399424349819168,4.355609323382537,4.315092286185509,4.268993219455998,4.224207642195502,4.191573670418784,4.141246481246829,4.1267575265630985,4.040080924612444,4.025800488688931,3.96591268566918,3.931210987422542,3.8672877048424845,3.8341078651693055,3.7900618524306995,3.7710556323611195,3.7348394708419312,3.663092493849648,3.607918331721522,3.59458573224323,3.5615948496937713,3.5081194222929177,3.5075288655766874,3.4540159495389187,3.39479320899076,3.3646860164081773,3.314205363243817,3.2749148576806397,3.252045286438937,3.206244957092019,3.176095937316264,3.161437130896052,3.085294674519027,3.071426192450066,3.0544161483067644,3.0096213506589957,2.9860277185306505,2.9430595080027797,2.897836142681508,2.8636643168326916,2.8305912700493403,2.829240007105508,2.772155930331087,2.7422135464689026,2.724078279978312,2.6759267945983654,2.669025790575818,2.6348064514598777,2.5930173969664305,2.593399929151431,2.5515972877722306,2.5232119841758216,2.499164956524529,2.48759442082651,2.473099947695536,2.421124865333814,2.4027858668226285,2.381564629214297,2.368526753387881,2.3432023184314454,2.3544678428916006,2.302679283274378,2.300791597502262,2.2651016462657187,2.2229061046147063,2.2461546747610335,2.2113094752839055,2.191595165823974,2.1786309046938865,2.152405581374778,2.1572428878374468,2.1299110959964804,2.12493450415732,2.1167894836584367,2.086228305731973,30.00801181317274,2.0529811657403445,2.0443528434344427,2.0311341917558705,2.0316998401566573,1.9912875753014083,29.98495631213123,1.9766109189644847,1.9964493457380474,1.9711130753747632,1.9511759740695562,1.94823746067531,1.9471622871258911,1.956307524513353,1.9367662024694348,1.9052325601573072,1.9139776200822303,1.894471862022787,1.8886192383476437,1.8820084687938077,1.8706339499380185,1.8798782016002402,1.8752077941962404,1.8517717367872557,1.8576987897368493,1.8415651911485764,1.8694630757517712,1.8530617298670848,1.844728159338831,1.8296973262085554,1.8194602483712383,1.8206269375251558,1.81186887472217,1.826485973902393,1.832425584205656,1.8071804984180486,1.8139633281998824,1.831569131094421,1.8155130667324846,1.8294384329374616,1.8166674381433892,1.818415120371939,1.8019041363377586,1.8248074758250439,1.7845269725992339,1.8192943334274498,1.8280539272955625,1.815351022490311,1.7996196615057027,1.8132015959851575,1.8449154378556856,1.8339353591847796,1.8636555241582557,1.8156212536569865,1.8405508888773199,1.860233487917781,1.8442203072500134,1.8505479593183882,1.8691973870913665,1.871061458674367,1.8807186526730275,1.8832050351404768,1.88902730425052,1.8557292307558104,1.9056861836311083,1.9053367089340871,1.912544847903715,1.9258121268051076,1.934643361004112,1.9356067533456893,1.9476148258137471,1.9628088432582627,1.9681881070206377,1.9956551412303596,1.9893629968836017,2.0161967549408915,1.9808056245769343,2.0299323242019303,2.028574701612248,2.0456248481701866,2.074226519719042,2.095580934285703,2.0952857966721385,2.0996392559385333,2.142001595935789,2.1692090750247712,2.153869921893572,2.1855289235076385,2.1835308331964396,2.1945081740368604,2.222348982837489,2.2572358119286937,2.2451729826827527,2.291585085583474,2.3091493138951305,2.3294815354876848,2.339106887524452,2.369563250992163,2.375345281488128,2.4140988962345618,2.43471861457371,2.455386738181551,2.4718224817380614,2.4907912642938004,2.5289743898397505,2.5699309344296126,2.5691863999783773,2.6112093255120272,2.6214314104989125,2.668313975448279,2.690043559825359,2.7329785132866955,2.7478425359879983,2.7859175479263714,2.8238317639539114,2.895392915901149,2.902824483750005,2.9607182123895472,3.017126921519885,3.0715110317408385,3.1089481909643624,3.165904091199271,3.241814821013158
3.1,-0.5176812933143689,2.0,3.415331562655523,3.4942215797197225,3.555234432615341,3.6391460376976053,3.736545292733699,3.8095317025089512,3.9063128787483685,3.9878142491629527,4.083865911130034,4.203816243777892,4.3159228687126125,4.427993112835134,4.566178415424222,4.736814539994776,4.840267943844152,5.00679891481625,5.220159920190362,5.355803024279217,5.613013512837307,5.7868333879488665,6.06238512562949,6.264345966933005,6.633738373223198,6.933308159698905,7.30636398955155,7.728047443876597,8.135698855339385,8.700459446062611,9.22037994310625,9.95400456531128,10.646890353759169,11.638896187925445,12.622323495356117,14.054572461570107,15.814858157366531,17.710091795901484,18.815983972280485,19.3306769703278,19.82411162971402,20.17970969760804,20.50857400165897,20.72253307791556,20.94328108223361,21.106447423433764,21.25244252257866,21.350355479286122,14.33858973299804,10.933220666716963,9.13103828631782,7.621427645793462,6.691480414710037,5.852915931877933,5.186104656585413,4.761648800589643,4.311103645171386,4.006515290026767,3.6996063616280095,3.4828478372438685,3.246412565931847,3.062758713973245,2.8816938089466464,2.716927962166278,2.6010088013324513,2.4787017276071692,2.382472111301086,2.2494516607891777,2.186521205684936,2.1032619534954566,2.0151696945114135,1.9402088603347536,1.8895964032691794,1.8338937931685277,1.7640801582997525,1.716134438978964,1.6604266112310062,1.6267013019990157,1.571335779750182,1.501147289275135,1.5037775165128968,1.4938310348969703,1.4790944984886665,1.4611632655877285,1.4395618258822294,1.4515717248805293,1.4053858786272697,1.413632863144412,1.3957214781415817,1.3695976077776728,1.3792604586290322,1.3568895803614394,1.374195323097812,1.3650937455656749,1.3752438537312923,1.3629129044136206,1.3802402967164706,1.3789108317645118,1.3698485350795369,1.364828797136159,1.3860339265433812,1.3900109455249718,1.4032189928573657,1.417369054691348,1.3948418251126455,1.4150794512244214,1.4416914552640083,1.4549847117242212,1.4623485096891407,1.504901527311022,1.519767643321407,1.5411026621452364,1.5675440810741665,1.6070574561201252,1.656545362371686,1.7143773325151763,1.778669107695219,1.9036011977597003,5.899572239973665,5.886476999258347,5.855762184374761,5.839064419442191,5.815026532632785,5.794521559519943,5.7654567383331115,5.737122114560023,1.7781953198236187,1.6370133790171109,1.5170293013425107,1.4138338824643484,1.342046077555376,1.3487467263554052,1.355929879410808,1.363607703017918,1.3717933704865006,1.3805011200925037,1.3897463188999424,1.3995455330097242,1.4099166048638783,1.4208787383136992,1.4324525922512883,1.444660383707539,5.159203126859918,5.122656614799093,5.079424345745683,5.027035639472043,4.9980812483082895,4.948642498515159,4.9205044978950285,4.846276168056104,4.847813779721158,4.7925118698669715,4.745397674316312,4.705898385812439,4.655240107360134,4.6130664052683406,4.572240754162282,4.5164801565176615,4.48008623062708,4.44208452304727,4.385693672023318,4.373803894905443,4.297197220015263,4.28652305797643,4.2301064624478375,4.19769642050107,4.148326663532899,4.093036920067207,4.028217247588005,4.0075904381965985,3.974933821945443,3.9012173796142213,3.856653774129148,3.8445556451778207,3.793169477851689,3.7599764969476155,3.703443590429597,3.6773793665710275,3.635913499407911,3.6069304561191764,3.547903384275379,3.527379967573858,3.4739229645791974,3.438373866212897,3.396149724465072,3.373153105854288,3.3122610148135925,3.284336908504428,3.247515706995437,3.213084826816041,3.181104536599366,3.14066250657776,3.1040367523982564,3.0711534789799737,3.0477377204486977,2.9929716441782435,2.9812034235375644,2.9644617312262698,2.888846735580738,2.885685721401429,2.864776671471669,2.841114172353773,2.8040507429958135,2.7275945803814245,2.7479869913118367,2.6817374642015004,2.667376912160115,2.6421953675735366,2.619912292380416,2.5962716811087887,2.549941202376016,2.5454433001765806,2.5094326618234524,2.4839573369308576,2.4682072647444993,2.4475404054930237,2.436506105333251,2.4082797462209817,2.3694851855821,2.3642053856608345,2.33387967303895,2.3301472568016774,2.320520000419442,2.2873788289018333,2.268128028130713,2.2512019869320206,2.2378441507944684,2.202730099518446,2.1795787775368436,2.1675650988422643,2.1585606063426717,2.159871556858056,2.112538769004392,2.1122832963910896,2.114339680673705,2.1170164222175334,2.066296590453452,2.0671332888213967,2.0242568154219,2.038839588162522,1.9914421409532232,2.031503920128448,2.0208532008704485,2.001767800137961,1.9963822959992283,1.9653427527400995,1.9625669465533009,1.964289030145418,1.9382462458587322,1.9304034856184036,1.9264206223319333,1.9124026733557569,1.9092391242827877,1.920743355213674,1.8928173376659099,1.9168769864231274,1.8779545837829414,30.00247709178059,1.8947483124799966,1.8520422711816684,1.8873138047496147,1.8561770517624678,1.8870198838682328,1.8405333266571915,1.8584372490903058,1.8541539208975035,1.8496192074867728,1.8491882807216342,1.8593040413099022,1.8181587162554687,1.8616212150791829,1.825962961865031,1.843792297944165,1.845992931171,1.8222405779999882,1.8658306828436029,1.831107911072155,1.8502629853547414,1.8550733148221024,1.8425661145426961,1.8254361171049205,1.8663946930287802,1.8311854594239714,1.8343292993222948,1.8480687450694948,1.8642403199890025,1.8548397228290534,1.8480131488672533,1.860777545379428,1.8505502195072894,1.8788085768316816,1.881145524191995,1.9013756981337022,1.902042751924799,1.9109599721538009,1.8872684961935675,1.8833797683987974,1.9179299945261226,1.9197408406485914,1.9208465620746242,1.9284348215372786,1.933143811959432,1.9426966967636254,1.949301808449359,1.9784976638907728,1.9613223256038321,1.9931039732950753,1.9899891717917557,2.00828835645527,2.008417881840664,2.0365058583281477,2.032727848331052,2.027142380176984,2.074635386212515,2.05864057167033,2.0760734765332125,2.103952059866357,2.131485591599438,2.134557697817224,2.1345015226290407,2.165805224213916,2.1830942388079717,2.2098844026387257,2.212805256498485,2.2316399068968558,2.246423436948748,2.244621210762601,2.2604986810792895,2.314606316358727,2.3164404544760924,2.3562442496486513,2.362043563178918,2.3726744342456225,2.3913021340054783,2.4263716452520194,2.452820352423091,2.473626625431054,2.496910797041256,2.4916522377345003,2.5198494390091453,2.5813911021800697,2.591969755684528,2.622002630830528,2.661295193535131,2.6923692272464255,2.685353730141565,2.7141538550874413,2.779198505654869,2.7929596358322613,2.8074644839322964,2.8668432788789437,2.904964265732603,2.9163830742774906,2.9659971409862127,3.015562896994794,3.0522381866453925,3.130802153632175,3.1444594801469354,3.190403739697819,3.2491069591073964,3.3282805029567033,3.3717176364593935
3.2,-0.4545236025302743,2.0,3.1818063420289997,3.2102040198015405,3.2654733880505775,3.297748087816389,3.37290526281293,3.4373925901653224,3.474504060534968,3.5233027052286325,3.593266229883237,3.6723910582526758,3.7283523666690197,3.827982898541452,3.90093848657323,3.999962358590571,4.062063728174792,4.185207403356143,4.271035106854194,4.373167398383507,4.514977594763633,4.625208062936336,4.762310639174286,4.885109114529636,5.049590375964712,5.194942733909831,5.376702440594081,5.577079657245508,5.789052893108905,6.0237958377836485,6.234474810396352,6.515496866370865,6.765158783235093,7.111746194733046,7.494193703386097,7.852704180801026,8.339623226216323,8.783905245549768,9.380749712698035,9.957086658769699,10.769221490049825,11.508479472132699,12.609417307971336,13.911039597602123,15.25145638575256,17.219398399709743,18.573149424317965,19.3415586334096,19.776840097109883,20.206837811385977,20.495905009544273,20.734463758396664,21.0073113237408,21.13290777369048,21.311538443437627,21.446784701639558,14.895463154227455,11.21802969731895,8.65048121094632,7.262727522268517,6.0845826952492965,5.269159639908874,4.723887388343539,4.191916933216576,3.8506353004788125,3.506519320628607,3.2595728430079594,3.0120622952543177,2.8423007726322633,2.6313933370730465,2.484538985672973,2.3585830844831177,2.22298588973219,2.1501740358704424,2.0084465819047925,1.9224626480764688,1.859018655601438,1.78118441655882,1.7322852889762812,1.648976268177111,1.5938610757376575,1.541273749781395,1.5487666793875792,1.4912666499769274,1.501192966432302,1.4578690561629168,1.4391894952893267,1.3967371823044668,1.3983777163741435,1.37633690424598,1.3653515112393433,1.3827326459679776,1.3602773129384607,1.3592448253474763,1.345314355039314,1.3640968986598014,1.3282098298723046,1.3302519974116231,1.3184975589784313,1.3336154401907618,1.3438468918870374,1.3474396154450663,1.3302754971863824,1.3417462892895653,1.3583328739278469,1.3536787936097816,1.3526788119830702,1.391236191640309,1.384756235728088,1.4052400316615052,1.4258064915801882,1.4263049041047815,1.4482233668359457,1.481582252791021,1.4881688806289517,1.525359297268156,1.555007013245095,1.5845779246686469,1.6420918430875378,1.7014271691651792,1.773488809441686,1.9070702563038504,5.947500119582868,5.8945787971980215,5.8153143969144345,5.811188240825892,5.770183385844723,5.761059707711978,1.872421043289898,1.666010430339892,1.5010014916777423,1.3661120805928404,1.3199659510986583,1.3250888568704489,1.3306587459836736,1.3366846970455142,1.343176634105877,1.3501453679061353,1.3576026415146252,1.365561180719894,1.3740347495996752,1.3830382117362874,1.3925875976085167,1.4027001787570612,5.199078372353823,5.1538745856089125,5.119952887238595,5.083042680168594,5.067237160395083,5.028328858128846,4.983890239343062,4.939226233833595,4.9022540197085664,4.842194394622303,4.812435373685248,4.762515003330386,4.737677179133979,4.677392714581742,4.627467476709228,4.58356081613999,4.561327169757757,4.527240001884353,4.479016982204011,4.405608410998581,4.396874926557699,4.352558729943935,4.271506625027028,4.244667163858049,4.208832305354086,4.151274232560449,4.125874359243167,4.066770089361907,4.067524648609783,4.004889180942773,3.973958712229964,3.9246694962100963,3.896745967175582,3.8169484919002836,3.7728541315608375,3.7396385992550663,3.7058191820518473,3.6893686828320527,3.648839264283851,3.5700130828944294,3.5536876402794784,3.5122772419179658,3.4934624610480656,3.4433541682859,3.400552340688621,3.3772641482551427,3.3523005901201004,3.272340944415903,3.2781952427389425,3.2298000001869753,3.1689714630250507,3.1509352006619276,3.106743095147256,3.069960126707459,3.041330265813899,3.001952474090586,2.980036557743818,2.949036923823019,2.9242504172586865,2.8743877848463786,2.853852052090252,2.8168533196549816,2.815230887609408,2.78821501034654,2.748132678265296,2.70290010374045,2.6803635046118957,2.6300764675842885,2.637204933278285,2.6109792983047386,2.595067920049261,2.573472275757436,2.5097908353293232,2.525353469192652,2.4802686497927016,2.475667590328442,2.412994989531802,2.420962823152723,2.398457093887036,2.413550071310746,2.357631736018347,2.3461504677834872,2.328717584985834,2.3005614225159063,2.301198089697818,2.270893783442281,2.2532745440112474,2.241502080366685,2.2103684330233913,2.193622975950773,2.189255545875658,2.184418375721738,2.1502088902521237,2.129447237780032,2.1222687550384607,2.1285790107789495,2.117829243729214,2.0903742225123443,2.0718490803626612,2.0564858011758482,2.0473158556408815,2.043936602163515,2.0170093737521295,2.013406878606521,1.9968197494579936,2.015551732791658,1.9741380262159625,1.992176845062578,1.9698403488762466,1.9780976043476337,1.9424854221384444,1.9420420977285089,1.9594503315326448,1.9286438141431255,1.9369177932917354,1.9165488142294307,1.9103553594340943,1.9204410841495245,1.8904624213538097,1.8978097449765903,1.8969241783909283,1.8740991742971118,29.986538248904765,1.9093237950573345,1.8791677068301547,1.8652476768423905,1.8470078852439913,1.853701994336943,1.863999404042227,1.8602914263092096,1.8839556580754695,1.8807197218831098,1.8665250088625456,1.8433805395236769,1.8498796403591466,1.8559612303758268,1.8671308883987312,1.8498685396846797,1.8941275815418388,1.85591515821143,1.855548282414486,1.8846440639420012,1.8830076608365436,1.873371035016895,1.9001229147051597,1.8931152483866553,1.8891767314783494,1.862941435788813,1.8919266488671576,1.91397676027705,1.9092993269675007,1.9035579362548882,1.9228113316150182,1.914382825840522,1.9259570235135017,1.9221503808840195,1.9424706682202384,1.9414484922595105,1.9605422924944644,1.9587881738816786,1.982848640711022,1.9847107410124354,1.9971034513577872,1.9661367408019572,2.0110191873447683,2.026287883793963,2.0277517094388684,2.026442203051617,2.04818835861743,2.0554307494605752,2.0732220100096144,2.0640826653012425,2.0901866491366494,2.1185170449691157,2.1108114166806464,2.1284050250294686,2.1447588644791975,2.1599296672319888,2.184090518406567,2.158617333928504,2.1693336100664258,2.215670945804234,2.2136703800610955,2.2395095586938583,2.271938989263216,2.2998707755971335,2.2881980022438593,2.3276386902319968,2.317915686867516,2.3628316544892236,2.377806507537087,2.4218570845468617,2.419432325594236,2.429016067756519,2.4574089601114144,2.503786658442082,2.5164732106946834,2.528118399307382,2.5756612014191815,2.581456971733742,2.620897618403953,2.636279802551701,2.6491743786403545,2.675519951894414,2.7068010787039083,2.743630075871695,2.7807559031860247,2.7940753873294724,2.844304949467679,2.8407023939924785,2.889064743574038,2.9121101607654087,2.9558469556570075,2.976442506579322,3.0128975408090537,3.048072023916982,3.089762071831044,3.138808655686179
3.3,0.07232611039187842,2.0,2.991427053491782,3.0207789276632937,3.0361337801284174,3.076661365378154,3.124565570607208,3.1602219642869533,3.1703380395562557,3.2044344579618396,3.2509938819295754,3.2948610617209972,3.325290948097385,3.392080665521659,3.424047276997537,3.4951549522700325,3.5323330660367707,3.5960719773425187,3.6644393317500024,3.7057572325897423,3.768789692606572,3.8336366274386595,3.9321369025257242,3.992988493887051,4.088153887187849,4.1355543581706256,4.26870396389281,4.346362955598535,4.4698545877272045,4.552379476774916,4.659345941809099,4.778797997774857,4.9310057610707725,5.0667629311662035,5.201220452079892,5.378998991636407,5.546135853156603,5.7282614441166135,5.908963184748135,6.144053225434832,6.337764689690402,6.627869201516438,6.932862737457714,7.2019499318283,7.570077019929667,7.882445056356537,8.328641464715384,8.719195392855863,9.294858889331188,9.829571172018543,10.551294332147203,11.367540728063167,12.175340243369485,13.304106324562447,14.438278215024344,16.038097483978092,17.702051138041444,18.954046687053946,19.49808376190283,19.997396815603906,20.40126662054541,20.687059278564792,20.943062037591023,21.119997355669504,21.3274050425081,21.44656175958634,21.54533136508055,12.858363379618085,8.87542034307567,6.769469517235936,5.625719519765987,4.7144115926340655,4.149960345356505,3.647867753845053,3.2952323754356483,2.951405821503482,2.7131165739277967,2.475743882799068,2.2972851163063615,2.1539077441414882,2.0029148598775754,1.8859885766211735,1.7803794134671072,1.684787131817744,1.5985597010636705,1.5359913497579678,1.518837991862916,1.51508148958109,1.4521063042630273,1.4528332567169366,1.3931157126966531,1.4060174337076645,1.386480380251928,1.3699668498939241,1.3585402066593637,1.3331589357760834,1.3307553942068182,1.303062485931717,1.3078653305465633,1.3159825867829895,1.3047280383218742,1.3088416294156842,1.2730839083202847,1.2945280764685143,1.295997628749183,1.2767381265790845,1.260098741813045,1.2913759133609601,1.3010045293103503,1.3048165682887263,1.2674485452006563,1.3093359799254933,1.341496056896047,1.359507427077263,1.3483588396175916,1.3267325969181876,1.366633831483079,1.3804817552481716,1.417643797472242,1.38757750628889,1.4227217844451516,1.4484054020255708,1.4802574966736568,1.5081936905987665,1.5702354954728726,1.6191620471050543,1.659838630531266,1.7661560202906932,5.966784726084931,5.918186266465619,5.877760254883737,5.82819203357077,5.776488848918977,5.710999274894464,1.7937712527568523,1.5212474624462975,1.3209594722998657,1.2847912515235045,1.2883731530387281,1.2923699996841544,1.2967881140387547,1.3016345395574984,1.306917068534233,1.3126442734136692,1.3188255416919596,1.3254711146772207,1.3325921304166335,1.3402006711361132,1.3483098155824398,1.356933696707001,5.202943210013761,5.1629707227567225,5.106572805358445,5.069659422932962,5.021948051865877,4.991364253342527,4.96278681388465,4.915871888619473,4.878380649910857,4.839848766960383,4.8075922260497075,4.774865487981534,4.739351625522613,4.658474073760784,4.621431246587174,4.581094721740466,4.545341808591987,4.521826225324419,4.459285834864599,30.00903606946678,4.377029041928131,4.351431288526144,4.2939665080809135,29.997209155201364,4.229244601179244,4.1939314396679235,4.123334680527923,4.102465273489929,4.055102661822192,4.017992264131603,3.9994903290564108,3.9330195172296833,3.8855264915104812,3.8523744369350883,3.801361499398383,3.75762587089512,3.7413468396354284,3.69595614527664,3.672449537422176,3.605399705095695,3.5895922711729407,3.527883974277843,3.5236054615636805,3.442059603462468,3.4058935662209597,3.4011338591335663,3.352754052656032,3.343677759535321,3.2908826885412097,3.2531023615116097,3.218600045636125,3.1936509453836566,3.1331684351289053,3.1290962013568384,3.0891212422532384,3.0713384978519342,3.005285909097725,3.0271056570782258,2.9492070810238857,2.944786122019391,2.8956199247705383,2.8618928619017043,2.851781394562867,2.8019322614580515,2.798886181494485,2.759609167954216,2.7368424785949967,2.7142654198825076,2.6887226681489844,2.6796497467955387,2.630502878259617,2.611747605834483,2.5875304462493687,2.5807051410550303,2.542990575793997,2.50349790078288,2.4833283729235025,2.468230350658449,2.4453173035979345,2.4460376452342585,2.393980406448709,2.3877717587870064,2.3582276008117744,2.3494705585614337,2.34727850594695,2.3193272785149923,2.291318435196825,2.287196607062132,2.271786535816517,2.2326370462989575,2.235487315544387,2.2218234966850403,2.205555805604619,2.190295545325327,2.170688258287145,2.1806858693459286,2.1362428128386965,2.1386721926423724,2.1280149773489483,2.1266053394918374,2.1088571170395016,2.0898380001024557,2.108402072667579,2.0777914825145283,2.0720661790378174,2.032546198370459,2.023433686251029,2.0529528863248414,2.019078507225054,2.0016652617766124,2.012808974500755,2.014118350581044,1.9831864012018874,1.971021725197239,1.9615987687221264,1.9656086655171479,1.9635043510488124,1.967190088260284,1.9635154502564827,1.9148372947926184,1.9503155548144362,1.9235328140427774,1.9385401983549224,1.9413339570833386,1.9426959208521841,1.959195921449321,1.9371078874584136,1.929938744301889,1.9251810721031868,1.90383406977205,1.9328413157735114,1.922291052467381,1.9234784768131763,1.9226249103932493,1.9270081793340137,1.9149090371325501,1.913292228010707,1.91001780707446,1.9060856173266607,29.999445341663034,1.9123428676310137,1.9477161008573274,1.9304420469235466,1.9174035678314791,1.9270270273784713,1.9408245970445546,1.949039914119143,1.9464606194642597,1.9368952290273989,1.9581221530661803,1.9609145678758746,1.950254699467451,1.9752525257965456,1.969567940932994,1.9806853400434188,1.9867444978064945,1.9720391205019077,1.9929207048520157,1.9968991727571823,2.0212042742046905,2.0284576513513253,2.0043450720229474,2.029290507164185,2.040501980526735,2.0595131180128123,2.0347801004762016,2.0900733139254877,2.0812105632395923,2.079347275208418,2.116388774359292,2.1279796692211055,2.1188903128161574,2.1466666391165314,2.153176176000312,2.1827960948569567,2.179087354032824,2.180092939322033,2.222442704383923,2.2280091670151365,2.225491992740076,2.274381796668226,2.2513771412695016,2.264175472307155,2.274758663025183,2.3365760766061205,2.3406609379452825,2.348313720933683,2.337309659339235,2.3538183760878413,2.393962739752871,2.435460287932817,2.4571624855366383,2.4716924012084918,2.4907391108603276,2.5154524217166236,2.506931744747434,2.5252775408074934,2.56478164754742,2.605493083003799,2.6521702086033963,2.6508409790437133,2.670099874208625,2.7085649891863923,2.73840088464779,2.7410798193130415,2.7921309064228326,2.81951491048091,2.8481860124336236,2.8589777876500775,2.8841874144559108,2.914713313000765,2.970345514722149
3.4,-0.52,2.0,3.0941761559992536,3.1480388958926735,3.1743151001254573,3.1966862364910686,3.2377565407002074,3.2635047101864325,3.2984494895749235,3.347412471997028,3.3802920543668575,3.4138079104570167,3.4564352434876726,3.514837696865056,3.548175364885508,3.592601649081171,3.633022111454497,3.702493308792393,3.7669266216297306,3.8178564083884634,3.8469482679347906,3.9414821679040593,3.9790126330238285,4.072861785599644,4.143776164266431,4.199761730861026,4.302923636271882,4.410330337766928,4.488053957335174,4.578740100085097,4.705149490724974,4.785562762942477,4.915811613985002,5.035406738227441,5.188051498521163,5.310799465106287,5.487151996319218,5.659954710473999,5.814234408845649,5.992750411235097,6.195334209395713,6.440982072950685,6.658438178331224,6.932653671053362,7.258689196140128,7.5228694151586915,7.882663903987684,8.213042084874155,8.668339015010508,9.097626891399194,9.649284339424842,10.166285682328512,10.876913790708615,11.707256350582453,12.494353686851175,13.582943422092125,14.668640833296209,16.24611894758928,17.798536146575877,19.043506286353054,19.598543560881247,20.093422808967272,20.501808147469813,20.771618195295673,21.047301986902028,21.20551897234084,21.3962799663302,21.52707834468251,21.60176697541272,10.948158203942915,6.90354960355223,5.042329639494568,4.148729128810211,3.392131519798658,2.981903466639642,2.542111391876609,2.2946318244872588,2.049050421728575,1.8749477723470669,1.7157612575846424,1.5834694051587703,1.579725954211786,1.492172194042256,1.4380145058072673,1.410912935573808,1.3972285951464865,1.3648589092298982,1.3581656032002933,1.329154720053257,1.3276031640203965,1.302377758507127,1.3076765477934504,1.2763602581024949,1.2831010431376497,1.2571221932260244,1.2471458838144374,1.2440544119973656,1.2577294983153233,1.2192667197613132,1.25058861407944,1.2439266950084342,1.2546321139341965,1.2431952135716515,1.2188039576398064,1.2371483754322903,1.223948652166441,1.2753301678492603,1.2851896750653227,1.2618692784257792,1.2742294624772972,1.2670453036044198,1.2916457357203308,1.2996947433426584,1.325180840790719,1.3092656124563167,1.3193103603828236,1.356134517936628,1.3474695393721225,1.3898683948678376,1.430632403925682,1.4476790189982225,1.5066261543451278,1.5163530987402136,1.5457199765194876,1.6476874248462958,1.80727192906404,6.018894983132339,5.965290152950526,5.9080429263469165,5.851259368769318,5.7673981150068405,5.746106498789332,1.2577840284948256,1.2588801419047446,1.2603625651325308,1.2622335701230603,1.264496033519995,1.2671534475062673,1.2702099330393577,1.2736702555753165,1.2775398433941245,1.2818248086589474,1.2865319713633405,1.2916688863438006,1.2972438735605563,1.303266051877461,5.198660305492517,5.170214194597461,5.141839723026028,5.102527493444915,5.065767056985436,5.012111083752206,4.985550586897463,4.963270129104072,4.901115516441383,4.857494656638573,4.837860195983214,4.791709164789817,4.770441332897275,4.7192390073297625,4.674691657365327,4.633339318263174,4.598315356083891,4.559749530469741,4.519179112488224,4.463239397920645,4.434164826725254,4.366394849979625,4.3766657204782415,4.3200793354156595,4.261818382342254,4.24779518776671,4.19464881818597,4.155221898872129,4.1331531257908765,4.060128200665777,4.054497623813035,3.990544787692519,3.9751829242640113,3.9453487851117552,3.8952403836964535,3.836315058702648,3.785767931562579,3.764040272101996,3.7389965042093607,3.699131235173959,3.6530956804072408,3.608985124432808,3.569072348918233,3.5337724407282245,3.5084242041468774,3.4672932929226405,3.4160366113041416,3.3854399072225045,3.3524593180646,3.329520054633878,3.273672393749794,3.266538295967978,3.2231162131424287,3.2138865538300094,3.1544884843831125,3.138226346599164,3.1218789907687343,3.0743823866984488,3.0341220761742287,3.0325715764195698,2.9689773229089043,2.967919239573075,2.906181277199933,2.8924483013836237,2.8480995211836704,2.8479635374707652,2.813178681081692,2.7763052129159225,2.7417621773184995,2.757413988073699,2.6926573639396847,2.676239695518629,2.6531526689354754,2.623411679478572,2.594912482289188,2.565278891402036,2.553870017834866,2.5186955799686173,2.525980670104505,2.4936799524122324,2.4666809446300597,2.465151417960258,2.4271445323007534,2.4110661925448613,2.4022622404861016,2.3728655449454465,2.3546295721681587,2.35258743788834,2.335858180241495,2.2971002921585084,2.2903575669998695,2.313777937961967,2.2810439509191296,2.2767807105225493,2.2304986717150985,2.2328054182628123,2.228694229598803,2.216919864755688,2.179550043438044,2.168122045258318,2.169320603294087,2.153069092071413,2.128050859063094,2.145074128760679,2.122844558064101,2.117095034528417,2.1047129190451086,2.0942233832416415,2.0732708944888,2.0807333151377234,2.0601962907590723,2.0362360594588713,2.037818105612473,2.0297346210422202,2.022193631069523,2.021139053490415,2.0327352603172,2.020402926660952,2.015847606242629,2.0033110500491724,1.9941665366199173,1.98912084093224,2.0006488867433574,1.9791635106716037,1.9886880520300159,1.9716871709871406,1.951539141131707,1.9740418244604585,1.9910859835736536,1.9700722534022097,1.9623095429897346,1.9557344757771198,1.9730932035567605,1.9473731110348789,1.9598960027126215,1.939158173468261,1.9562756050360204,1.9492632130227086,1.952897443321728,1.9810358973763469,1.962408101532734,1.9721280107444181,29.9892300498714,1.9477089517770687,1.9539687562955235,1.959665924504342,1.98155325771916,1.9947153805733235,2.001612611481668,1.9752000121070812,1.9598611001536794,1.9829887211294805,2.0174815934616244,2.014323571086679,1.9941024553425608,2.040987274602662,2.0308395489205875,2.039502606482505,2.0404241299780166,2.0418976822873156,2.041234215004317,2.0572680408492574,2.076822074836411,2.0920459703339516,2.08156406714167,2.0971854235033356,2.1076299996106114,2.0963551482531306,2.1254497119916955,2.1160461126221213,2.1539622399547818,2.1627945354994456,2.1634390996396213,2.1916072685770995,2.197946376690349,2.207871180061546,2.211112820568064,2.2207095970071675,2.273577707134141,2.254914651289578,2.264803757678063,2.2860993284418147,2.330214826489236,2.302867786193134,2.3570499026859464,2.352593718766889,2.3542061419871,2.40034953375654,2.4227108747601958,2.4417258541667524,2.456219452782159,2.4635807463587707,2.4987446961098945,2.5057952819480254,2.530639204378993,2.53503962826662,2.5693638550166233,2.6017548120991103,2.594926225362483,2.644327939633123,2.6535684764057614,2.673794386231361,2.7208014016802626,2.734682304839408,2.7795649950590198,2.803536993388602,2.8044838679368076,2.8543083831578984,2.897374190798307,2.8968277027584612,2.9297714334700258,2.9408315860449203,2.9815539035694703,3.009975802923158,3.0491539621487616,3.085499903950392
3.5,-0.33472070264777004,2.0,3.426236492446899,3.477105576757217,3.467145632667885,3.511522961966081,3.555374458558576,3.5926656807510406,3.636942176883969,3.698853347285909,3.750415483471806,3.783119638858849,3.830551314728966,3.88514252018405,3.94945350210574,3.9867161967794447,4.054037259488684,4.135116656224357,4.19102700410896,4.279434471603182,4.35859330958867,4.434815276126782,4.521874678330054,4.586786330339911,4.6989145490207855,4.786367021409043,4.91510283313845,4.9888598196382015,5.147789142764271,5.281860015093229,5.4133876256157905,5.574322040243917,5.718942656360953,5.899662269564515,6.056200751942877,6.243216218902323,6.451212577897542,6.680529725784813,6.92386739040061,7.157770268532673,7.477408332145687,7.740661529467883,8.119958826372145,8.44203166965914,8.889697045469562,9.302560880863739,9.843521711446988,10.460923732400722,11.041909626578091,11.820874724056027,12.57868900590815,13.637028859415274,14.641120484339412,16.092751974459514,17.559345919808077,18.943129791692147,19.65371356169372,20.090351143000635,20.508604356010817,20.776129560971295,21.057723512092146,21.253096202674772,21.434128371674916,21.578448105103405,21.687849190404386,7.761373279980956,4.590382940455264,3.075073144087983,2.4407197431250887,1.9364283956015256,1.6457028147728299,1.5857474616277074,1.5467799607934543,1.4957159540562708,1.4382266694711623,1.3955958168783005,1.3987267071765743,1.3562531225621905,1.3252728785099608,1.3094512815643449,1.2860475311854347,1.3025401623287205,1.2635310043302472,1.2627845205510413,1.2715801915097276,1.2645647516697422,1.2518446874201667,1.2270012047076535,1.250102401635564,1.2208191932429813,1.2095571560317682,1.2234738819339674,1.2381713781113586,1.2188405424490598,1.2211782186571942,1.2205932926228191,1.238956910259145,1.2216632553690012,1.2338467517252312,1.261902393455488,1.2597195807865622,1.2620595777330117,1.2549825522727,1.2911163991645238,1.325960788203074,1.2922443310985152,1.3048292930314294,1.311162200286118,1.364191902705823,1.3845454588906374,1.3985378014866727,1.4322535569563093,1.4543327134948683,1.4868955500731338,1.543284393617804,1.598775515227582,1.7478479412728345,6.217003648289463,6.129997422395454,6.065602930471874,5.993765346400763,1.2749052946726143,1.272251716093513,1.269995355085287,1.2681327296444376,1.2666609765284036,1.2655778404684106,1.264881665711711,1.2645713898339856,1.2646465397787972,1.265107230096562,1.265954163370846,1.267188632834925,1.2688125271967747,1.2708283377060399,5.2863474586710115,5.243641481866178,5.217117940566699,5.134807422248757,5.142388477556599,5.091690914885273,5.07467455975644,5.03918978320629,4.984000398144531,4.960149578120107,4.914259610689126,4.878055308943049,4.834941652904094,4.795045059667208,4.769397122315128,4.722136416509623,4.711788136593911,4.635104857968335,4.600273206991632,4.583103068452273,4.527758439706933,4.494171926036625,4.4336514438332015,4.419281288974088,4.340933838625338,4.336994631694979,4.273314601586239,4.243804179475722,4.183281599803935,4.1687537218542765,4.111097730793995,4.059042293297276,4.029087146004791,4.007563656405894,3.962575501264853,3.912567502281532,3.8780674884920865,3.849073698427622,3.794225396375325,3.7724614966126944,3.731844307341703,3.715145297018191,3.6446956407840334,3.6239513638998218,3.600019517977935,3.569521016426226,3.5048776084504993,3.4912044360126595,3.4336489379482518,3.4080363449213236,3.3780884298229132,3.318326066038331,3.309768034352891,3.2725003568391804,3.221610289629107,3.196207995376212,3.1782609109605375,3.141542837280093,3.0985592131892883,3.063491002672929,3.0413417980698285,3.001670791017922,3.0096859932764244,2.948485394768517,2.935373133837142,2.892312481346406,2.875487075566824,2.8681417213870293,2.847320548321749,2.7780576590701997,2.786489225204052,2.744502011822871,2.730081187718989,2.684925577009243,2.6710961745379276,2.634694394722469,2.649321555675076,2.5954133353895545,2.597291137725509,2.539016852685759,2.5053092086895408,2.5187252163885336,2.500653418640486,2.4607340848610706,2.4207698273933995,2.42516743423981,2.4143575973731473,2.3797014320888894,2.3598252855473207,2.371047750964854,2.3784474657371173,2.33408092888649,2.3051023061793665,2.297951264438827,2.287468119756781,2.2549056612592264,2.258573946961724,2.209849942627665,2.2116521483017033,2.2156720258508664,2.2152644399815404,2.191276680989763,2.1724933951317627,2.1654636799285627,2.1875510357285326,2.1541687331561117,2.1183511467859417,2.129974817761002,2.1137919060813686,2.1112770923966204,2.087077553528906,2.083152492198648,2.0780902142184896,2.0688366641910814,2.075133401332642,2.0512923379144894,2.0727230628066318,2.034931726142236,2.0490664203788467,2.0450903848468087,2.0269197972913537,1.9993563048028073,2.037872220641997,2.014327220821098,2.004021716193949,2.0014530923932816,2.0024063909520846,1.9958841442726163,1.9850192135836486,1.9939293968244878,1.9830434358730822,1.967535680548928,1.99000695334473,1.9961834283932585,1.9757541082209886,1.9760322607791678,1.9737226916934123,1.9731557419753873,1.9818217789501886,1.9653520665874367,1.9605578825607675,1.9787591557757231,1.9659786760628877,1.9786546669028424,1.985572711390191,1.9485108362370336,1.984578045781138,1.9856231431542937,2.008174575061158,1.982915190220479,2.0226088165897766,2.018868169741447,29.994534767719045,2.0070818100998418,1.9983633501719467,2.02909534017446,2.033574640818554,2.029330268742955,2.0453281444227764,2.0546126021610367,2.069969531744042,2.080006580492171,2.054181736555932,2.0784145285026416,2.0918535089338213,2.0921886437460504,2.097346476319144,2.120111400282586,2.110963164698508,2.1445568458020303,2.1414841357423784,2.1624993457558443,2.147634699282106,2.1573311341708346,2.194765840106594,2.2013125713638138,2.1744464880386913,2.2250642724907914,2.2296106310768082,2.229679844397296,2.258982714880958,2.2621874200965943,2.2884582889098306,2.3057374073766854,2.333309023123167,2.3511991210935808,2.3485773759826705,2.370318817718647,2.3705762517548687,2.394027657632653,2.404490965777086,2.4108139419566066,2.4663072313874563,2.485517291535516,30.01486364413665,2.524266899584164,2.5408212237221126,2.5505331749062092,2.58520493623156,2.6098367055645224,2.632174882329243,2.6372488906629665,2.6722917450148396,2.712163672426837,2.7189452836034462,2.733814865438353,2.776862434797736,2.797240994238684,2.836230267700752,2.8428769653768224,2.8781254301523362,2.936014601280545,2.930156496887321,2.962429388380494,3.0032782715074844,3.0225105437771522,3.055137915692533,3.0972059795263256,3.125080011405562,3.139696499614828,3.1793870687580843,3.224973352058768,3.254637423863464,3.278264216440197,3.3027726586606665,3.3613857187301295,3.396808120091863
3.6,-0.3469232862969829,2.0,3.3887090574131373,3.46054241519721,3.48048484174591,3.500963904560768,3.5814495465206733,3.596522732639526,3.6279150572969785,3.6585950604527513,3.684926909012691,3.724597867876033,3.7842315338569947,3.8137706450793027,3.8714202044853323,3.8921453135403272,3.9452632102925334,3.997615184740166,4.054392487734273,4.118378733447788,4.169833472834227,4.239088054647651,4.31438505788949,4.386237669426756,4.451613034583945,4.551458800303481,4.591323020803234,4.694069192498927,4.7756555721380085,4.8824033803445515,4.989157939976928,5.088068711870834,5.214986119733849,5.309979295155014,5.443961801942444,5.561029667070752,5.74151227058792,5.836395938723577,6.057130288222493,6.230176249844622,6.412304400092841,6.625636754355249,6.831214512560322,7.077684839352264,7.298358969066551,7.582601155094519,7.8653037675969815,8.235880534987007,8.626550832431459,8.95042199163786,9.438855628578853,9.88349951278252,10.424890069010052,10.994427444197148,11.698594714157936,12.388696124369206,13.335460102356071,14.46035924751431,15.549970312779722,17.073338495862348,18.500842667892773,19.445991032833486,19.93384513249456,20.384312047306967,20.71679320710222,21.04561001232447,21.26716210291818,21.44014777835687,21.61323009126263,21.708240999276207,1.6917827387523157,1.6431940877276316,1.5100385690888873,1.4898510195998225,1.4442872777565263,1.4525110057509394,1.3646967175877902,1.3571390096815956,1.3512958731147147,1.3318861041453447,1.3214879931488293,1.2744193472331633,1.2745973398306558,1.2622715163999279,1.2543716837014356,1.2584695615247143,1.2513584029310167,1.2250052165702232,1.2379763114144815,1.2211484450233805,1.2458977524177737,1.2288629581210717,1.2140061579713428,1.220411318961761,1.218223586625962,1.205984275312789,1.2311840820486126,1.246995865686522,1.2267009425454534,1.2304178638214411,1.2175301879952727,1.2640337677401,1.2600083959002544,1.2568548734293563,1.277921017993018,1.2810038214422272,1.3104863860182208,1.317077849697137,1.3446488802508898,1.3681098494015818,1.372907314911919,1.3979163284236673,1.4122705653495087,1.4749394672927045,1.5025302120341053,1.561952203212491,1.649649764719955,1.8040548765184492,6.443444594121691,6.338537528205941,6.246881542717147,1.2936882657418418,1.2876626998714447,1.2820818737911661,1.2769366484539761,1.272218681442408,1.2679203930458578,1.2640349358372152,1.2605561675164636,1.257478626816951,1.254797512295576,1.2525086638515142,1.2506085468396517,1.2490942386648332,1.247963417761682,5.294213245373364,5.24453309203847,5.210034278437954,5.173225601659549,5.141781121800805,5.108749934614768,5.073689917979446,5.049378180586082,4.981454890942329,4.975343757343375,4.9495551057108385,4.903115406600054,4.853129312217799,4.804586896542947,4.78069449811621,4.726248683731366,4.701526757882166,4.640514338279873,4.608995071174862,4.550181089201301,4.540730374541079,4.500300618599921,4.438733544959763,4.433947179719509,4.394334479628549,4.353444636460076,4.301928012336615,4.285819737872431,4.205743863326309,4.176014114840347,4.143524537314936,4.120595321260644,4.059542801815702,4.017681669437524,3.9744430844153036,3.931806151652193,3.901123013632463,3.8512786274376034,3.831744636053709,3.8228236420164654,3.746512322551872,3.7194362141385153,3.6901213906128754,3.6340291643008302,3.592155138840916,29.992632839579958,3.5373909232522553,3.4927209880966914,3.4424022231982225,3.4405812103981352,3.3768338710816503,3.3580402920720926,3.329680935477183,3.2919564853087664,3.260995989820724,3.207327743289952,3.203222695160142,3.1427533156570275,3.1423647308683047,3.08881712207485,3.0539424150613574,3.0381965743689205,3.019540732992485,2.9598797711731475,2.934762202515696,2.9137091340113046,2.88787665221314,2.8611858184192083,2.8163744836011193,2.8173196039747785,2.7885124748265437,2.756165093023792,2.7184952018046236,2.693159951077404,2.709970528930837,2.6669295562398956,2.6495868742243456,2.6024556738880578,2.605706463249482,2.601396738448259,2.5489583899755286,2.5438711666801033,2.5140697095723126,2.481012416816316,2.469393640531257,2.457115175296444,2.4310043802616716,2.4123070613304094,2.4091014748403996,2.3917335415690673,2.373348775606983,2.3368501265549275,2.328098172367023,2.3094450360829724,2.2852169204516803,2.2608046965708595,2.2639585629932855,2.2528404589823716,2.2205575215115925,2.2203726602914737,2.2155863561265443,2.2071756646577785,2.200298027534538,2.172151536646681,2.1690709647927484,2.1455271108774645,2.1419084501471994,2.128896595488922,2.127983000320021,2.1340029595772148,2.1075020450295052,2.0973020680951264,2.083490027853197,2.0828968599798787,2.0977797586182723,2.0676951111619597,2.0550626429788412,2.07235838160041,2.062820001066291,2.016110020961123,2.042010178775583,2.0339632206443508,2.0402023872714916,2.037031082947302,2.0148961540442514,2.011696546557666,1.9919560058944978,2.0232382456679407,2.000680132725065,1.9898316752142278,1.9945249851896305,1.9834042230769169,1.9779982274439776,1.9984818920908487,1.975126320740029,2.004483614164484,1.9912850543822387,1.988106686999237,1.9766692971865132,1.9772425349397678,1.9763174305213975,2.0039899795984897,1.9860385610895264,1.9792748532870128,1.977738032319486,2.0175403391113926,1.997288149306579,1.9885802964709631,2.005122474793931,2.0045582796917456,1.9951592919001928,2.0068692443816434,2.026356906410391,2.0216735904271426,2.005146169716691,2.041899451700096,2.0265484352288925,2.0097735418752607,2.0221400619318994,2.0545381299500622,2.072257393912749,2.073580098653123,2.0692506609627546,2.0877789959548867,2.0689287328592374,2.0665191558325824,29.989946100311265,2.1134432949550224,2.1260530748151156,2.133004156802724,2.143333301566503,2.1533830356716432,2.1485795046797405,2.171659191310758,29.9734825571087,2.2047193330850092,2.216317242318667,2.2548429230568074,2.240059605823034,2.251005402485831,2.2573994568298588,2.2920787505665223,2.268528438726685,2.336041286063258,2.324666674452392,2.343215810941256,2.349245089945344,2.3891875436281036,2.4015502486484848,2.3946687324781486,2.4396501055967033,2.4370628592149313,2.495668772581364,2.4547277616441643,2.481508104748388,2.5021054199039474,2.541921382630503,2.5641162621774107,2.5663002283753364,2.6083532464145907,2.642750200428337,2.6623536513290538,2.6715688660054147,2.713608558486412,2.743307753703953,2.7500933094632978,2.7809987990861176,2.799701433200514,2.8258424979304535,2.8578046797519936,2.8713746403702594,2.928853485520931,2.9078162515270067,2.96254663937464,2.993275892295305,3.029932575634451,3.06640996782978,3.111561452973993,3.1208260546878503,3.1332174379568665,3.1859792841735373,3.203517611902798,3.2437011252198555,3.2936404659791108,3.313170530758257,3.3328867237420727,3.390856836294517
3.7,-0.4225891890683838,2.0,3.242881379440251,3.247208704710316,3.2877510510881107,3.3141446008990147,3.356651600774484,3.3984720904589407,3.4293596302466427,3.4719603323071877,3.4709061069695886,3.5322224438734744,3.5345692284937558,3.58122892861465,3.6546652592066677,3.6569539238509923,3.7057313420971645,3.770126891791627,3.778641535200642,3.81579380439918,3.8631382471118765,3.884401745862918,3.93764461877376,3.956482263343755,4.012921402732778,4.073191472429603,4.074831725246386,4.158727974499497,4.213884597823092,4.248198208490752,4.31295318085282,4.370545870552628,4.440784028347342,4.531782599578891,4.571292516721193,4.657276647749031,4.7282702153566225,4.801288613746339,4.898543100604368,4.990258909856049,5.103617531058821,5.190961393733394,5.287289992377652,5.437883129587433,5.54129614473155,5.682416900268613,5.790586549527034,5.957080677794142,6.081410267196279,6.264035106185336,6.457792278973772,6.609546018130359,6.835166022962531,7.02176576476209,7.282258028465841,7.51443580838541,7.808007662374588,8.06806153912298,8.402849424069279,8.799828939511423,9.134705870790123,9.581345449028733,10.01493436498017,10.578321251302341,11.095590784450618,11.768238222063198,12.44005087008793,13.299663141408105,14.33553748143393,15.36311433478324,16.74475249336228,18.136680354301138,19.27887187414028,19.802345588214674,20.311818725915284,20.660764049573523,1.6183289706824153,1.5141478739574104,1.5093040079138766,1.4495811857432512,1.4095081518362464,1.364211734026127,1.35962870603626,1.314213257598702,1.3220233557731462,1.324227687432896,1.2774814290510532,1.2589151739480975,1.2470694648373732,1.247569580501608,1.2463612033823708,1.2177545200136448,1.1929209453908958,1.2364574746266717,1.1810989249229116,1.1798146376204206,1.1873004804565352,1.179881067346925,1.1858345807372925,1.1816503864676615,1.1733186468433656,1.1990745765854294,1.179891838001644,1.186399338623985,1.1858282386211725,1.1772684405591034,1.1998835759650275,1.191946669579454,1.2171841362697717,1.2383468625043008,1.2598626700016846,1.257559128151052,1.2702605933252002,1.2817450722740635,1.2733466824328223,1.291607402844662,1.330740415136157,1.3698665749049486,1.3886233839136946,1.421357821931109,1.453753166523982,1.49720999896123,1.5524190916203078,1.6386416897604237,6.863852779390136,6.727257235628377,6.579757998824672,6.506589385288273,1.2708267501905124,1.2645481291623581,1.2587129175207241,1.2533114711102418,1.2483349566949618,1.2437753156037565,1.2396252310198748,1.2358780986612854,1.2325280006283514,1.2295696822224516,1.226998531563877,1.224810561859928,1.2230023961949827,1.2215712547336381,1.6760888353140788,5.24411224777223,5.19684822541868,5.144964738859284,5.09912819144229,5.0775537877134935,5.025537921530168,5.00258486195934,4.949405994776631,4.928320960110977,4.888941084240533,4.846776759901602,4.812826265999023,4.76130498207674,4.7465855700863955,4.708980783083138,4.6602467843679465,4.628158455268744,4.583202737153216,4.536406567702483,4.5108816677888,4.467057535851138,4.416877539235562,4.385710596545242,4.351944190019129,4.318001388393242,4.256025941773728,4.233320855720292,4.209169352936736,4.1727358191610655,4.136649505272669,4.087358137967087,4.046587587701876,4.01740373626713,3.966283382316769,3.9210032127072467,3.8869135998323374,3.868620641691223,3.814619009010908,3.7765390141070116,3.765865183620871,3.707056992326016,3.6657346953220626,3.641381587465224,3.5858649608743214,3.555914115624474,3.509719028870483,3.4956840765090655,3.451796753680421,3.4210644433307955,3.3889426332623986,3.3476039446794488,3.2894348070683774,3.2751925766608623,3.2316523219052167,3.231291425665832,3.2157123593145154,3.1652292693597204,3.1367173587318993,3.1112845669445246,3.0812735966747287,3.053976934885965,3.00626894127023,2.987368839452202,2.9438282035439522,2.927206080816941,2.942825310602876,2.864973553259796,2.836164758308555,2.8190755279063096,2.8074737372874283,2.769431915443914,2.7484025826850793,2.7107745254172424,2.6806399126181515,2.6868238145742116,2.667135498361343,2.624001837032216,2.611810906379065,2.5833075357295923,2.5622579699298136,2.5577416443743584,2.5283333460662143,2.505330461027877,2.5018844089310823,2.472166822254179,2.4649042002324695,2.4310311856127482,2.3941173830806592,2.417472689582499,2.3771032273705224,2.3447527123406005,2.3752582683791252,2.345749384372803,2.330229549550994,2.2915094003591414,2.2988137462863016,2.271754859583223,2.2654415746572316,2.2466252616171043,2.229363864639686,2.235864045997379,2.209482085775816,2.204567554436386,2.1913481570628135,2.180670261458489,2.160850999656792,2.1602324912288866,2.1542709811011136,2.1293199239712144,2.142911261306698,2.1180904307641004,2.1160083267844074,2.102833999004085,2.104566891975409,2.0935811215947244,2.079433512283207,2.0879544071550225,2.0652633389721142,2.0601184222969224,2.0584239490008724,2.0485859483670135,2.058139825501396,2.0365917479577416,2.0799449557126843,2.0305950293350823,2.04462479950413,2.0394344300127547,2.020012733046384,2.0308455882450343,2.0420034532065574,2.044958984581337,2.0436690500021335,2.0419348285869354,2.0326459411147164,2.026309332547081,2.019525227744781,2.035695441209348,1.9880676010845146,2.0150323937680614,2.024522775840355,2.025004405797679,2.0242793387945515,2.025642410816363,2.018894801870406,2.0264118159951776,2.0107445674359163,2.04563288662056,2.015846992703822,2.035117938755542,2.0328387545694375,2.0395510726984036,2.056780669109555,2.0503922872338043,2.060979679677576,2.071913583009231,2.073192783105684,2.0646210746452422,2.099292621497164,2.095304764031021,2.094775164515633,2.1177885588907164,2.110056381979149,2.1394310399517122,2.1254702672686565,2.1219221805104302,2.1337043065261785,2.133075561093299,2.1606527620880054,2.1742908299166976,2.1802187730933817,2.165316907613782,2.2105854821993773,2.2273222274335627,2.2520737535988733,2.24340562218952,2.248676842593904,2.285617745923068,2.2882062449630323,2.2894548717615186,2.3087210381704613,2.308558365716946,29.983337096609258,2.3695110111844735,2.358390498731881,2.373477644521315,2.4039464342016097,2.4124905699355796,2.438172209553785,2.4400189376522743,2.474412628298473,2.476640908992189,2.4912169178861623,2.5193868028088398,2.5382098723478315,2.5718927411511308,2.585879899490624,2.619197278958229,2.6337462483915552,2.642299644188657,2.675357324832472,2.7010980598795387,2.729983968565312,2.72365789192576,2.756601481586893,2.783449754859627,2.870587283506625,2.8542195356228253,2.9029581846259522,2.9181342298360624,2.955953090750123,2.96270126508586,2.977940258348417,3.016411295190295,3.040461859757174,3.0566889102310983,3.093235851190487,3.1377409858089407,3.150121571589945,3.184679562707488
3.8,-0.3485937989943627,2.0,3.1999276634879523,3.2327128603380118,3.246711329440561,3.2731735549175376,3.307057529186724,3.3543679732903118,3.402818575358761,3.41559195504471,3.4673642095152726,3.4714862293959965,3.4961103346944564,3.554004663161399,3.592316049655272,3.6138411410461373,3.6831701678781137,3.7286460536233745,3.75972622435957,3.7796299593960323,3.797179351577682,3.857227696572439,3.860275251715165,3.9354993019508777,3.9726585159276646,4.015686958871017,4.024834206993087,4.075062702581961,4.111716788423281,4.148854470856331,4.190994155200025,4.228257969442005,4.272800733940376,4.347070056687943,4.387887809353996,4.424150653297135,4.479501823788414,4.5649159951145,4.626937343018635,4.68175522712599,4.751543857148622,4.852925184836642,4.91000225098286,5.002048875131363,5.089656101793986,5.192186872905457,5.301173625833638,5.377070387754019,5.4834737206409265,5.589588090454327,5.725138121557294,5.838417907797294,5.965520596669333,6.117512695240658,6.259738518780075,6.46344477853697,6.59393163603934,6.8168182606901615,6.945348744588014,7.215028349761739,7.412989551330057,7.699791122907942,7.92965146570661,8.207589859193604,8.539550951174562,8.839732757812486,9.228414105712254,9.59853813686566,10.059667603813635,10.516533826429454,11.0947349088238,11.70778872460866,12.338901874625245,13.182675161807486,13.94899833977888,14.997532831314356,16.05706274075248,1.5740356666469923,1.4729282738455305,1.4333076908138542,1.3870808585282113,1.38469078166719,1.3421540182867384,1.2973241454529787,1.2808914270015597,1.2620279458964947,1.2629244537239126,1.2174780719882816,1.2083945023369307,1.1942908000654127,1.183003052442506,1.194607323411537,1.1709169734147902,1.1866415885135917,1.1756802551920216,1.1591621976380346,1.1540834689945352,1.1531733976800254,1.1439477851253366,1.12116757813509,1.1524660714325077,1.1494637288215708,1.1249967125021862,1.1375477813136634,1.146697749411659,1.1451162098393255,1.1387967802713852,1.1648084629151574,1.180940632037898,1.1583270285328722,1.189554219618346,1.193575224951649,1.2098332959070695,1.215564952878029,1.1965872015875973,1.2396728146901246,1.2702991402790287,1.260226828449292,1.2852972625979648,1.2949776407492828,1.3342010680100824,1.3626990160650232,1.4161422921332394,1.4372963582902278,1.497436089312968,1.6071202545465384,7.306625952308314,7.120747131139767,6.969639992097426,6.829462216100905,1.2432909245082366,1.2369296964994196,1.2310064385712245,1.2255113023551387,1.2204352511680343,1.2157700225282704,1.2115080943724519,1.2076426547087893,1.2041675744737947,1.2010773833868973,1.198367248622855,1.1960329561449576,1.1940708945632283,1.192478041401452,1.4088580499155678,5.290936887816513,5.234789083624456,5.21640195142328,5.152133030573064,5.0830040778507515,5.043047291446888,4.968333163351204,4.948341330650416,4.904977682062802,4.849609556312348,4.818408669019457,4.780706110324655,4.750000893486153,4.704436738559428,4.655233019840228,4.630253937065482,4.601791315602256,4.557030558609167,4.508814482704551,4.480526165480321,4.459154209050766,4.396803216584804,4.370861714478336,4.325602015386608,4.28515187941294,4.266376788996326,4.221306117883689,4.168335363524967,4.14401729365429,4.096380555434768,4.0738817340587605,4.025342402335852,3.978031977940405,3.9744573313999765,3.9147283318433965,3.86487365964484,3.866166207577396,3.8120537945986173,3.7694284786052634,3.743771738235236,3.714747097533045,3.6597459134608576,3.631487899705462,3.5918104862426286,3.5543379497028607,3.5583627044602237,3.478364565365855,3.464394262364379,3.4367193321777387,3.4146189040608683,3.3764780116297546,3.3129754830733558,3.2918609960304246,3.25020931272639,3.2326406767627125,3.219444968718657,3.147825471892352,3.159735416861954,3.096214952478473,3.062760184778338,3.0686498547404715,3.0226377576786065,2.9882220298106885,2.968802659384399,2.9321328740291355,2.9103723502476284,2.884630236633251,2.8758256097078356,2.827475667272403,2.7979874615644236,2.790235580940797,2.771336250474278,2.730478296575709,2.6923477662944006,2.7004985927532568,2.680308399705141,2.6485363101760924,2.624113288394956,2.5987179509639287,2.5792410459285016,2.5655294501698083,2.5518428406484865,2.55746681840231,2.524605188762168,2.4799493630650646,2.480645412208786,2.469103946386637,2.456491955912723,2.4204131590998137,2.419997504513566,2.4088766545055162,2.354466222602211,2.36679674675885,2.3496080468885765,2.350880002116231,2.3371379482897656,2.290311363425926,2.3093518906632395,2.2989963131191775,2.273844226583671,2.2592645387333645,2.259646041155682,2.236637194357917,2.2344928259388355,2.227569292473617,2.201368037814009,2.207619622328462,2.1991695714014683,2.1747394566713782,2.1743221358036022,2.1446331940249688,2.155014698811164,2.140604397286818,2.1435174609152563,2.139970722010799,2.1336230128086235,2.117208667398797,2.1195697437202194,2.1117148083385846,2.1071661536506316,2.1061605626062456,2.098458922500832,2.078363067514306,2.0641391038319963,2.067573845432434,2.0773349570793966,2.079753634959371,2.0700337253734222,2.0583781979635316,2.063079649633821,2.0863352244637094,2.0382091996496676,2.0550756465953235,2.067234368680107,2.049789825436105,2.0732765785588017,2.065576382737046,2.058639978325736,2.0483520020718147,2.068088857661271,2.0556265903688278,2.077709609952874,2.0461425170600753,2.046658086657178,2.0544497288987813,2.082822836865482,2.068318563102058,2.089897424095082,2.074068887983169,2.057699926562083,2.0874835202744526,2.100909302536457,2.080480588712934,2.1057653584239926,2.096821629504296,2.090784105097501,2.1135725391852938,2.1185773004605672,2.1218918006194163,2.1402415860210025,2.173857236183469,2.1606188149628585,2.1450452449476285,2.177651604078188,2.1664336527945647,2.1846838864812006,2.203457364837271,2.236484517318013,2.2302100919195214,2.239744602518408,2.2592759285340067,2.2730645762946615,2.271550457609595,2.2948431528666555,2.2919694985627546,2.2782282458450225,2.3173042312967858,2.3459100370632306,2.3608820200382215,2.3577431251666248,2.363474555306819,2.3879491983844923,2.4156467057071396,2.4207855268647016,2.4271700685849127,2.4622661716698744,2.483853482457933,2.4956930815843332,2.4947259807300446,2.5336317340107875,2.525390097436101,2.5684054829109515,2.5879622032166036,2.59628457791296,2.6259129359200686,2.6301737326946,2.6608688977467785,2.657282046433454,2.6928577756721213,2.711132893986635,2.7683572133448346,2.7767774465590587,2.8184553405485824,2.8379322021308253,2.850064432295935,2.861478866596233,2.8770207789500026,2.938525729210102,2.9389717526533947,2.9901726587997284,3.002202824179625,3.053089054072287,3.087846314174738,3.084532110122686,3.1084566721987534,3.1477058356835275,3.189164857585642
3.9,-0.16294932968243572,2.0,3.2102493330700566,3.212041029856635,3.2198354423254836,3.2814797283333483,3.2957902572126456,3.321473159553834,3.3479805394794795,3.392522497143445,3.442525625076496,3.4275646131539546,3.4739058270140855,3.4982114169116736,3.545587424397669,3.6092542024842618,3.620404230204032,3.645346658226961,3.671672112939077,3.71665704287731,3.741383212564895,3.7765738695306146,3.8177652435163396,3.8930249006138764,3.904513801064925,3.922817679489161,3.9650497372884534,4.027217384192813,4.066686716431783,4.058149570909463,4.108147836325532,4.151964757187182,4.178117684289909,4.23435604404957,4.256617078728298,4.282836789205658,4.348860070769315,4.387584872983376,4.42612604032091,4.5020027332622545,4.525884309577171,4.591605212511162,4.658859594152344,4.71016567375052,4.744921679460185,4.830599245754105,4.894174190620654,4.949296416835988,5.038067127304234,5.128151333205568,5.1885705769133255,5.293224880447661,5.383487171080332,5.479098539785794,5.573897572615155,5.696326582795826,5.810944297273453,5.923772140484823,6.064384995289606,6.18152100338788,6.339294828416439,6.480047241822954,6.650179101736796,6.797864227907214,6.990237683915991,7.164172850069982,7.406194177427402,7.634585588019837,7.865508377667347,8.133656981290414,8.41517915311616,8.72371885741966,9.016204914606423,9.397703114332275,9.752351999465606,10.196561506440723,10.713706423618355,11.181754032925301,1.6047382707863012,1.4765472393085626,1.4159220087417714,1.3781490347139427,1.3301737858409586,1.288043530420598,1.2623061801793676,1.248150487138328,1.2241082401453212,1.2351849576642737,1.2078823172619984,1.1854127405064179,1.1942473335393142,1.1488528963466333,1.1448959651601631,1.1222428745240574,1.1221656375733378,1.1353856029001688,1.1017990082576063,1.0896452240260035,1.0979653276659973,1.095696470643049,1.078392180068672,1.0918978402088761,1.0782062371076764,1.108624467994836,1.095280757960065,1.1093917914405065,1.1135366330575234,1.1119456750849612,1.1092071373242471,1.1233172542764354,1.124475464287137,1.118253848232889,1.1224164065499374,1.1414917970026193,1.154017406652547,1.1237317149576864,1.1725897927284368,1.1757244750472267,1.1982317817938695,1.2120908582675702,1.2492345380188303,1.2609830359890746,1.3059581068714963,1.301107345567175,1.3210630773000513,1.3654015465719214,1.4187455374793718,1.4945313923741084,1.5893752846141158,7.852809188863648,7.652177544843229,7.463020119282186,7.2642649365936185,1.2108680093701436,1.2039854521976676,1.1975435513175132,1.1915313739428621,1.1859388411648524,1.1807566850096207,1.1759764095787046,1.171590255959485,1.1675911706279651,1.163972777098137,1.1607293506010345,1.1578557956026705,1.1553476259938111,1.1532009478062792,1.1641554937143488,1.4887331785882407,5.330387951168016,5.243371345350864,5.20369815721861,5.122314344938355,5.079435455703405,4.9908329561498,4.947424724867737,4.895414541068642,4.833979626577019,4.792526123591867,4.772657935666873,4.704007255696932,4.678847508178075,4.641944436129711,4.583906946582196,4.543293165452375,4.525782094255573,4.495910296903812,4.45634519554328,4.414944318660702,4.393553551119042,4.344108650783337,4.322327143075519,4.2751235667961724,4.228490776881392,4.187269096851759,4.1487212984422435,4.128645412017346,4.084901771631673,4.056642763499207,4.0029111981077445,3.97348072285557,3.9209035612681378,3.901063713343784,3.8446914103386884,3.834200479135037,3.785555810503299,3.7739603763193563,3.7351187021300927,3.6794243713447283,3.6599024647640146,3.6034585076885954,3.5860437208506015,3.5591672547975994,3.518325962894925,3.497444483961224,3.466706624563835,3.418907485112142,3.372157754196501,3.374201054264181,3.3273005006078975,3.2950876010552816,3.2806560020551463,3.248064055235168,3.216850548091857,3.1873878961041147,3.166863312870425,3.118211884340735,3.071109803171741,3.0565776390552424,3.0641642622452987,3.030195563311658,2.9765409116792867,2.9834845178213825,2.9352398982383856,2.918081994693282,2.8801436516293797,2.826384456585352,2.8319949850008017,2.8123241091932853,2.7853993572843145,2.7656404965961214,2.730522696706829,2.7216827672899346,2.705504402663057,2.683832986104918,2.646473223631078,2.638975420280002,2.6229634055847786,2.5853803462034146,2.56035928989866,2.5289153222331415,2.5406826345162843,2.5286321933399134,2.511926170616521,2.4978700167364876,2.483218627337052,2.451147439104058,2.4634523471923218,2.418537717534176,2.4017585785023847,2.394212024366435,2.409218369407398,2.3639942219203163,2.336293419347849,2.3458229006415245,2.330372545906225,2.3251045685011267,2.308757836520517,2.310154010960377,2.3133993422551025,2.278177308056154,2.288248944876471,2.2524959509745113,2.24219019850292,2.2355231595894516,2.232386295988176,2.2027105702837546,2.1946414006644632,2.2131512261290607,2.209453321439868,2.1804831979315735,2.1736515046836273,2.17081237034242,2.175926056372566,2.1655621636624613,2.1609469099849252,2.135800168691331,2.1384250074957336,2.1305716240246952,2.147904316956422,2.109640109687813,2.1311096742126434,2.1158472840589013,2.1099801512390215,2.1055562879760306,2.0989824768882506,2.099713459720369,2.0942356495646735,2.1035579113446805,2.1306088478659815,2.09663959976412,2.093535560537411,2.1104432629476286,2.10450543583994,2.124865183551935,2.0922939307671546,2.096877514077731,2.113374786823318,2.1191278216225684,2.0961996003578887,2.0901367014714376,2.1116756723398895,2.113636915651637,2.0975346250298523,2.1204155474010813,2.1020132946969152,2.122978253217787,2.11850617669932,2.138282757007004,2.1448604416094357,2.157393627382464,2.183517067112906,2.1669666408178645,2.165258045213735,2.189030030918992,2.155840638022391,2.2071236269809886,2.1972583278413897,2.215377355612438,2.2075711834189318,2.237427770677218,2.224029637794715,2.2244205916405333,2.2648601762942353,2.245620365867971,2.2622883444396997,2.2562483152934862,2.2793685980106515,2.303036076516775,2.319385662901673,2.3019374185868124,2.3387108802469587,2.355132812452141,2.370497778707788,2.392592930474976,2.383675096610266,2.4094081463097945,2.4264937423171005,2.411683279647311,2.438660582271956,2.4679409048681875,2.4760085898577744,2.5102527363647473,2.5047231809011894,2.5390404004848515,2.5664919518009826,2.5613392231045196,2.587478578380247,2.610289887013237,2.6159992440571385,2.670275641019387,2.644107339034558,2.6471162200913203,30.004041739525373,2.711729063636102,2.7417076349693668,2.7646350521284635,2.7854151507347202,2.8171204979623194,2.836308294839168,2.8687181972801055,2.8797391622523723,2.916813618414681,2.917094439706493,2.9761112270203656,2.962876277963961,3.0166574269556765,3.054250616680686,3.083654921106388,3.131034094301277,3.1151885065495155,3.16193729933087
4.0,-0.36230940955260854,2.0,3.2676244291404957,3.2984073142993253,3.3113308187146235,3.3707315772761475,3.3869271113672936,3.4341476543663876,3.4539594294651352,3.4947848546234783,3.5198586226109603,3.5482546155719428,3.594970464957619,3.593477585420678,3.6271689415500616,3.6933928404275322,3.6880740649806167,3.7693810315748513,3.786042444725907,3.80219880205439,3.8564760159471,3.895432285312449,3.934112890405501,3.969424047926513,3.9749800282367866,4.002150194800451,4.04939278214666,4.080466614067889,4.138000255956125,4.176612349426998,4.177041838041483,4.219565651780137,4.274682856957634,4.326432990575109,4.355724662011588,4.368822792434091,4.41416483388862,4.434207923489329,4.49536430712257,4.518666154631502,4.568860803267513,4.612378286506237,4.67241597603235,4.696187209169006,4.771557215669541,4.8211990888762415,4.903754665458583,4.941988776891703,5.022267567164947,5.08090906153921,5.164997859244662,5.248947723115153,5.294868149741619,5.380919017092049,5.467568086460654,5.568992138089298,5.686186596978124,5.77610834655269,5.865752628693298,5.97722761756762,6.110231356669458,6.22578203111696,6.384790926061348,6.518762257086032,6.66711325064246,6.8558613525916074,7.011252692962191,7.1882206351056634,7.3708602377137025,7.607573504549214,7.78467231991301,8.056554048612075,8.291407885992886,8.5732145584568,8.881172167103735,1.5116685571321595,1.472299562405963,1.3918261949145718,1.3630619572381428,1.2916870280954482,1.2713418938320644,1.2616925352558495,1.221870496659625,1.2149555794794433,1.175239581126379,1.1622009495919494,1.1599660800007214,1.1497220055249076,1.1294832474244985,1.1381029283841786,1.1040907344577016,1.0907009862726291,1.0793185006180075,1.0862928656371083,1.0596758892588036,1.0569438576104133,1.0596096942372626,1.0588860436746363,1.068816909037716,1.0487388997186329,1.0700175643289054,1.047219944389901,1.0619518333655018,1.0595182413171935,1.0503735635119915,1.073494679844096,1.052983667579362,1.0761514683253552,1.0521795093401176,1.0506616853720054,1.0754309438384575,1.0898811558991082,1.0955626552215223,1.0920657071398598,1.10855702215866,1.123436622292115,1.127977547946046,1.1617423757087857,1.1900577951533362,1.1804204631757833,1.2300379527856307,1.2539710658524843,1.2477675366920566,1.3112124445939635,1.3251062834996006,1.4033957518129583,1.4795468960781908,1.5829293308048513,8.697481921410875,8.441982419225123,8.16601147327384,7.918579129350188,1.1748987035665537,1.16798325855736,1.1615006117236457,1.1554396756181073,1.1497902153067683,1.1445428043190584,1.139688784745843,1.1352202311599113,1.1311299180702208,1.1274112906541394,1.124058438541576,1.121066072451674,1.1184295035070244,1.1161446250725175,1.1142078969862441,1.2622149891752819,1.6584826667620869,5.347369104377433,5.278049061785455,5.220304602075951,5.1330443387926055,5.043671199311308,5.007096675499175,4.929064330418947,4.8501630277855545,4.8146018772887915,4.790195115181664,4.709545602793337,4.673278257717761,4.617275787475516,4.575446575625387,4.533939772289028,4.4728190052104075,4.463000633967048,4.402256451396645,4.3861818355617315,4.343647313398068,4.305915060943883,4.258615190269589,4.249164652782489,4.173167186355956,4.1657104189138465,4.125105263390295,4.094767100525118,4.075091502002934,4.026143388739349,3.984304477341805,3.957997879219359,3.912088369698227,3.887633964617448,3.8728268428238293,3.8001757765624102,3.7842226588738304,3.7463462586841274,3.6969556563253603,3.6771984217907914,3.6635935657822527,3.6162093941837585,3.587686194096941,3.560772933393982,3.5026398568406996,3.4675512843674725,3.457835067234896,3.4279686144403545,3.3748659293953964,3.330181917602024,3.3234793253312565,3.269979841610542,3.283965535999739,3.2070309187354504,3.2056242102886596,3.1878677915870988,3.1630179213551552,3.1420426890644735,3.0719083289541054,3.082029021244832,3.042539881517925,3.0344908864844617,3.002425932884838,2.9727352422050264,2.949023502496502,2.8829781183292336,2.8946507812160127,2.8736260185487623,2.8393847687599334,2.8056599517677343,2.801954053410616,2.7612632355291424,2.7657476387515874,2.7172249579784618,2.688448151761314,2.7161612598809293,2.6786035054930037,2.6512920378584575,2.6383300813634074,2.627051393563904,2.57743597703171,2.567194117826753,2.5551165260965876,2.5625436357235056,2.5429870348301273,2.533256191257108,2.5064452518600895,2.506193336618625,2.4600060886963506,2.446755955336091,2.4304950144891304,2.4350808405714406,2.4201646910423693,2.3893802028469837,2.386444239599061,2.3569438795982056,2.3645427610469065,2.3629049023061928,2.3436030147691342,2.3422563836624,2.3218532328660997,2.3024958705670096,2.317946352623799,2.2713783891603856,2.2831469652499705,2.25501354202679,2.249280994341381,2.23486883798874,2.2497935896538728,2.219361506751383,2.2248377447139465,2.220708555249399,2.2017651548469925,2.215369167883149,2.197064480583455,2.1950640735724787,2.1954311396670634,2.184976477717314,2.1949718573748243,2.175746281977539,2.1695823709537754,2.173539672404781,2.1795436279377722,2.1540903647623875,2.1727496197361154,2.15621707799725,2.169536183520029,2.165028746589034,2.1642233342219885,2.1331159134620017,2.1484892782767426,2.1486484423716683,2.145196217967231,2.140520803988727,2.1353942406771584,2.119993190021399,2.1402157171209497,2.1402852242364627,2.150782240463591,2.1642621436333056,2.1507771135272793,2.1660977781680755,2.1360268837195435,2.1626394471250294,2.1625461145917866,2.1860081464595127,2.1720414753278887,2.180196153119226,2.168382961494666,2.201191191086972,2.178213870555205,2.2117985488538636,2.203764027943068,2.1992102016675994,2.231854130987994,2.2283512767000477,2.222344744239179,2.256107478660407,2.245847055366168,2.2422007843907625,2.2383488373735476,2.2614202553847234,2.3030920462840174,2.309028256724713,2.3065232839344803,2.3112165958801967,2.335242823908622,2.3265392130558906,2.3316242199322024,2.358003460710243,2.3748065142765022,2.368941563535005,2.398924249448344,2.380663259511763,2.4059511777480136,2.4143896579187762,2.4313364769690224,2.4716779790086294,2.478293667694158,2.5018721818281033,2.4942250885266146,2.508157470247544,2.5286309250924837,2.56201347042883,2.558830306723814,2.592095011175902,2.588271022754376,2.640573117945043,2.6343292358174093,2.633751454589548,2.6642337099943854,2.720376974437361,2.7274830248242807,2.7348031149641283,2.755999419697849,2.782516999351373,2.797681655431998,2.8188276478878307,2.840556407749532,2.858167565973672,2.9116926683572477,2.943281661361848,2.973488635727888,2.9659089180029494,2.993950005418378,3.0384465452267495,3.0664947354986882,3.0642504812827154,3.113705540101193,3.131848364373164,3.167249847625712,3.175364208252518,3.231176396097026,3.2517996709675008
4.1,-0.1586056802608423,2.0,3.384789212070561,3.4282156121520195,3.4510434949079416,3.480959030141297,3.476161194603525,3.525924161124819,3.5698830352172233,3.604607397612978,3.6479050780927036,3.6523679358708514,3.7204956484355898,3.735186560719783,3.7620538787354247,3.7899924230968107,3.8384169511081523,3.8787560689828755,3.8887634159154842,3.9294258570497838,3.9746973073353513,4.0161075040481995,4.039916104591827,4.087948061798214,4.113730156264837,4.1353119368500995,4.186921490720728,4.19918406876833,4.264344078555332,4.290104448544364,4.312747386341815,4.363587181353787,4.370724778190821,4.422602663899589,4.444659509669513,4.482572404973312,4.526808450061516,4.544015995870666,4.58342681505252,4.646393957499606,4.665868318683102,4.694121615041011,4.748026465941119,4.795679518920309,4.839633827128956,4.877917392139742,4.950447198008072,5.018071276785876,5.059576547941806,5.140420276492266,5.191358111032773,5.2668891123528025,5.338891036810883,5.408390357856786,5.485024747344002,5.571275810405184,5.651904287337583,5.757816965373089,5.848482412860672,5.9363808609317275,6.068902865165784,6.179463802763517,6.30526966423768,6.384941539553415,6.564933182751432,6.70908615528561,6.849784875476729,6.9986070884179625,7.185797577290357,7.379633815327641,7.553994024272071,1.5883909162265701,1.4596124518565081,1.3567094238873403,1.359882021735797,1.2999216352179488,1.2647328458449763,1.2085173248535426,1.2031575875079343,1.1844635732958384,1.1665038656544817,1.1238152647529742,1.1288643903650197,1.1074141955454415,1.1219439364134969,1.0925626021999266,1.0483324238820355,1.065559495529518,1.0789517490434974,1.0458724114074394,1.0355257020337951,1.0504486208634507,1.033228134107099,1.0405790667541206,1.0178286783380301,1.0369165927151154,1.0212175850613114,1.0338116184475938,1.0192816335469228,1.0272999639121327,1.0072522867169758,1.003724066885121,1.0370057402772095,1.043337203495069,1.0267078115537276,1.0612843674862988,1.0397435099248407,1.0565725939913762,1.0461083729388705,1.0580680012951826,1.082547893223826,1.0816511866230138,1.1050920712683667,1.1313195425248306,1.1363033169793029,1.1701917527010919,1.1623083040051305,1.2089227764617043,1.211123054802575,1.207577215473458,1.2643185455430883,1.3195566673233057,1.3165668627998612,1.4336446185913636,1.5603903334893854,10.411956975987568,10.009407146880797,9.562935682812348,9.227149165629148,1.1578794199269793,1.149497800931025,1.1415820224281799,1.1341177483628366,1.1270916718398498,1.1204914534541581,1.1143056652518224,1.108523739825023,1.1031359240994114,1.098133237421668,1.0935074335990462,1.0892509665817909,1.085356959514277,1.081819176912038,1.0786319997500573,1.0757904032731658,1.1820655998826852,1.3752013538756271,1.6443739965688753,5.418222060012373,5.350013680115933,5.2555814550780555,5.195083016513519,5.083847830413085,5.032055438589451,4.959913454019303,4.867367252092476,4.803506834579542,4.723789331167939,4.662787897842731,4.617543064811008,4.5773502542074604,4.536898650046473,4.503681770657178,4.4167153423944585,4.406318603131324,4.347095164700563,4.2842198139093535,4.260610836602485,4.234945160334683,4.1734529402025995,4.144185254811997,4.125356198844452,4.093893356898018,4.036531705965012,4.0343864607200866,3.9795793786451346,3.9515981640265556,3.927661874251158,3.8689554311851753,3.8413339397618453,3.836973877167328,3.7787288131127017,3.737948585021101,3.7224105032405053,3.6870175289484357,3.638070918826315,3.6225834355351507,3.5691350047277144,3.543384408534523,3.509116865584119,3.489115223258426,3.460035464296002,3.430365489522523,3.3985807410716316,3.355407211160719,3.337631608063379,3.280424031489926,3.279223442804008,3.240694278683613,3.2203745065886054,3.2034319633010733,3.1628217018370854,3.1266946553526043,3.103304066094215,3.0640580063383043,3.04497844556817,3.009992275119087,3.0035891205770513,2.9868900431748253,2.9747104969300286,2.9428848904383287,2.898935417571675,2.8949677147758313,2.8703794637916533,2.8493291725346994,2.8316506790461893,2.781500775384633,2.78190384057231,2.76409378389523,2.7320472178224935,2.7283746151447414,2.707964230105056,2.669740222628728,2.662254037721,2.658166629356486,2.636476449173852,2.6126221901443976,2.585823483805987,2.578679504788935,2.5384103707634655,2.5457997096988336,2.5191405519649215,2.5040613011805766,2.506769673426715,2.494421906781123,2.4865469737945354,2.449197853212089,2.438920548638417,2.4110776218357164,2.417101005487448,2.386665342346835,2.386098119697231,2.3821438504674144,2.3671000129206967,2.344367779230322,2.311507094982702,2.322040703407074,2.3076230670548923,2.3135061698753736,2.2907682916633396,2.308383085403801,2.2726138167893275,2.285855773403291,2.2861716030094117,2.2557622994131554,2.264274215667519,2.271060224547422,2.2656371486941964,2.2326520819059477,2.210164975608343,2.221826098952819,2.230143515080861,2.2326290479107516,2.2116992124018426,2.206697760763951,2.193521756170685,2.2039778542048483,2.1845657200302804,2.200753277992656,2.1859618925987996,2.172619329672657,2.1921307377542476,2.192110958003827,2.1744932838944746,2.181577125574761,2.1856891089255313,2.1857916451850214,2.174309641751818,2.185809095383708,2.1667308464202164,2.192081464938437,2.1690209260975526,2.186685345701464,2.184779938671977,2.186285646220548,2.168591968753614,2.195610988441429,2.1889645680429117,2.188158317063262,2.2003533408384506,2.2020133310842174,2.2037552313925777,2.1908135026475053,2.2234216862425606,2.2128447365734343,2.222787659984589,2.255649765214207,2.2182570321492845,2.2239280092734064,2.2338987643134427,2.2733519256345,2.2639030141991214,2.2586279447954296,2.275257718840201,2.3056848442334066,2.3076942271915795,2.2916342449461804,2.302309441674597,2.3050196307808393,2.3360471291665528,2.351319587664405,2.3458558958117015,2.3787703488705163,2.3858793880145464,2.372777106924556,2.3746599931155496,2.4330892898600793,2.4291022792233115,2.436051694513672,2.4594186531692777,2.468478393986605,2.4713480242864123,2.463541678973021,2.511265671415863,2.5207190593480657,2.5418910519189986,2.570584845394149,2.5725737250342005,2.585400953059725,2.60635314833712,2.6262111230621445,2.650985088633326,2.640986069850824,2.6870428606358816,2.696291190896586,2.7202121237137207,2.72592694048763,2.7558298475848946,2.763517313378035,2.7979611290669553,2.8067914234107385,2.835853389502544,2.8520405225778536,2.880925120090476,2.8944284090797385,2.9408527457895604,2.9590853633734255,2.9761613810599123,2.9922228521225898,3.033566940613276,3.0568458311381774,3.1007942519923457,3.1115954239933536,3.154160229858679,3.1697989112300857,3.1639140404364667,3.2118222674834853,3.2604146890421797,3.2455025819956833,3.3042440332421825,3.344919736182549,3.348133295806883
4.2,-0.24167853292494018,2.0,3.3716069293010755,3.390618570210957,3.418896783390818,3.462420982054392,3.4722512775259893,3.5088397955258825,3.5399235066118897,3.561413903926629,29.982201827186174,3.6472411443401316,3.652250048569024,3.6983972327831705,3.7396823559556305,3.7651488101524797,3.7960838975251527,3.8386445034253174,3.891869090465035,3.887061770275147,3.9291968078411603,3.9650841418200056,3.980773033357871,4.023837207818191,4.080204039654768,4.115383601753691,4.12524395357659,4.179659809520045,4.214432148601803,4.220952730559789,4.277696822696567,4.315973619993687,4.350356515181067,4.405255036943699,4.39082214300654,4.446057836907367,4.475539359334535,4.494262112855388,4.531814517909802,4.5581949999451,4.628687901322947,4.640346077570253,4.670731721159036,4.689475377164208,4.72735640177468,4.774768924406245,4.796423812408404,4.865617981409027,4.904753973594634,4.944216110820444,4.962499008299715,5.0585863690817465,5.091205669935806,5.127024341173893,5.1892251421710185,5.259487127087956,5.324547134426153,5.384527191629658,5.463351424323469,5.5560622613374475,5.616384062140306,5.67762926067898,5.761197423079957,5.866106325970657,5.949065789398048,6.049217555331822,6.147248179482122,6.284699057079902,6.366430507569586,6.499877514699065,6.652449470719817,6.736364907305035,1.5459770862264,1.420588590712456,1.344051575460107,1.2866375340363978,1.2703319202700025,1.216619561822918,1.1656832713295247,1.1691877539403615,1.1409218965646333,1.1080696323263772,1.1011919685770908,1.0708009620702377,1.0765401515283246,1.055731135009912,1.0589334227662364,1.0561213663721878,1.0169828312585225,1.0269612984140661,1.0160232279292523,1.0116859381236505,1.0018375523939926,1.0018221908747178,0.9978744094670273,0.9949787914569295,1.002728164086766,0.9973049821461275,0.9708859364391087,0.9826860220099594,1.0034958682029964,0.9797781430527276,0.9958717317214438,0.9996346205221428,0.9924659635962492,0.99344508557269,0.999283618246744,1.0249892264124791,1.0076378551514487,1.0407705145857862,1.0294526188594268,1.0564987019348864,1.0579928277991988,1.040645901576506,1.0730351250857821,1.068295780265934,1.0758776780873462,1.1070951011719767,1.1154440034985913,1.1505280347874653,1.1922169190370377,1.200760887924385,1.246254084618325,1.252561094939354,1.3306750578657147,1.3938029283347542,1.526046448459173,13.224525774382538,12.524648010597083,11.776702679973914,11.251893556043258,10.65308710266086,1.1161771763637693,1.1080304087182213,1.1003345716169153,1.0930756890724749,1.0862407865449324,1.079817830599869,1.0737956740750274,1.0681640062666977,1.06291330770209,1.0580348091124905,1.0535204542651488,1.0493628663502235,1.0455553176534136,1.042091702275614,1.0389665116885685,1.0361748129404227,1.0827357864666978,1.2548261924206148,1.492499365889312,5.674204777081103,5.542379952648815,5.440579928515001,5.328163115401876,5.229517159058741,5.126256869654032,5.05537898802027,4.979950700426389,4.900351576175044,4.8122079421761095,4.745983510774401,4.691059479843735,4.607914486376182,4.554559284700114,4.476219607885755,4.461390159578514,4.377825500336671,4.336779671383208,4.260387377320203,4.219138236763176,4.186260172005452,4.152149040216156,4.139051950973413,4.074895273756549,4.0467543247596165,4.0049843000485215,3.9653723250511304,3.9372931504419366,3.9271802765290924,3.865858312354706,3.8306552004272527,3.825610905639086,3.770096688304439,3.7066957013760304,3.7002287365009257,3.682776713253127,3.6580312166590883,3.6051807289618125,3.581739393531245,3.5522984316623156,3.5144697130294342,3.4893966488852475,3.4605539663869793,3.419585625439754,3.3973044925031695,3.3738354275379905,3.333543399568019,3.3026754674835996,3.2611013951074255,3.2604421662313747,3.236818842463668,3.222968336996491,3.168580169061992,3.14210867954174,3.102445604290955,3.1127146247586,3.0750321190565897,3.0205109319429067,3.0093648556505803,2.978041332064976,2.9892485720314057,2.962432550289817,2.925799666219238,2.8894381375898144,2.864682443461477,2.8523691830341025,2.8346652692143097,2.8324034374897797,2.811897384460511,2.788880789525279,2.7535543520785217,2.7388230694668003,2.7078497405915223,2.6883469836289535,2.6920457571624588,2.677021010681454,2.6618126912170474,2.6280959879236154,2.616754580133969,2.5936255198707627,2.5862781234634036,2.554320869717532,2.550799155183272,2.536405946980307,2.494920089824875,2.4954017697411275,2.505334644929544,2.483547417938074,2.4570404355082385,2.4335663399907603,2.4302194628725844,2.4103973913644063,2.38656379027144,2.4035835074127667,2.3893046824047737,2.3671984697847352,2.3894298303597155,2.350967141795873,2.3556638663204676,2.3525174716576998,2.312581507722228,2.328833433012576,2.3143070607219345,2.309656832223811,2.2998185749935303,2.298660515563877,2.275512218532688,2.2919071465113077,2.261554991903061,2.278225398314105,2.2309483334715625,2.2424257795449933,2.2583188834051593,2.258195243604383,2.2425034604746545,2.243081793054698,2.2490760035601514,2.213280013807496,2.2198139499204315,2.2345593827102697,2.226129480402175,2.212354770409748,2.2195048255641714,2.2327105767350313,2.1996482972328075,2.23195661845548,2.203122636173297,2.232029123971568,2.214063556717063,2.205452170481958,2.238038963765214,2.2109368214412757,2.228411956583036,2.2199437061278253,2.2181783709901444,2.227310045581293,2.208983177556294,2.2075639297036234,2.21923226525211,2.2419279943841457,2.2458319303715935,2.2287110121506846,2.23012920786562,2.2274152705539643,2.244380161094621,2.24248172395211,2.2592441020389287,2.285036265595474,2.272673558710561,2.2781505363193926,2.2842268189848887,2.281158933681103,2.30511648885768,2.3076167876545317,2.331929492113057,2.3276171186443224,2.331298091608577,2.3477134365630588,2.3320559160242107,2.349769478720524,2.3641004174707527,2.3907605929057585,2.362813392443471,2.3817768931866325,2.416403908714701,2.4310971664592267,2.4151821674235068,2.4563306471792496,2.451920976356323,2.477147147326126,2.4921142583625677,2.5232763418123882,2.5001837475837974,2.524379398549386,2.529672447426121,2.5631834465745538,2.5598468564989556,2.5762343764807416,2.6273736607055387,2.629141403648379,2.644094379732095,2.640832855485854,2.6483555688909957,2.6790737789718824,2.7116246575730156,2.7468495516687472,2.7657345980454977,2.749992407339988,2.804297379886772,2.82261551733156,2.842881105198264,2.8516214041801864,2.8747078849007703,2.8901945538441307,2.9390470988975155,2.9479154856732714,2.9583274228995977,3.011247869012121,3.0283226935942857,3.0532218612386752,3.0637103520898057,3.0833434187026083,3.1183509605027693,3.1292228457858466,3.1725142350840616,3.1844618859252427,3.2317538556890364,3.278198401144378,3.2661057848693082,3.306461320335597,3.318100826033639
4.3,-0.22504579905243044,2.0,3.4743344450191884,3.507240681453115,3.548253473667078,3.5759197378179626,3.587857055159875,3.644075386925586,3.6444620950380546,3.7017815943186676,3.71777794685385,3.774322687259883,3.8016984775579323,3.822306054553873,3.872023793010532,3.904505503141622,3.9227460767428135,3.96118649902597,3.971091171716082,4.0349196575072765,29.997182824246334,4.092966804006986,4.109748376276269,4.159730427648169,4.204308432479105,4.229526260940485,4.269064035700555,4.28716226632346,4.330119420892233,4.3501150280593,4.38434212400816,4.422424218194444,4.454874866148059,4.483049999178239,4.530180862377526,4.583380780212385,4.583816930594017,4.603602308642022,4.663759813287607,4.68912711283691,4.712950674980008,4.77774178049325,4.784473441578156,4.811729985660417,4.8598574782030175,4.876031240559296,4.92005230906189,4.961109857575829,4.997931992446874,5.021761337274844,5.052707635998981,5.104220760446707,5.158659942099498,5.209775093451385,5.236692021260816,5.309302644873688,5.342833697169554,5.447008859589703,5.466850639815107,5.541521081929896,5.604805468036315,5.688238030063576,5.762935187205073,5.836633603833331,5.920223978689759,6.009180698018939,6.117348358754134,6.206648770159479,6.321984008426017,1.422204540886347,1.3632453634991317,1.2883711815139962,1.2237838150725588,1.1908876084121391,1.163552757950956,1.118114693726232,1.1376596084779873,1.1084957930069268,1.0804415961944096,1.0595979853234476,1.0687850555780507,1.0324974349872404,1.0327958470491208,1.0120759206089827,1.0287267191980145,1.0002163644864348,1.0090225856123314,0.980753191766287,0.9703797601153922,0.9826432954672951,0.9916420764839669,0.9711837722475996,0.9653641443226246,0.9446492255088609,0.9595364807104015,0.9698333549097313,0.9534984159150878,0.9794241221832257,0.9735475907649496,0.9590750929810132,0.9603978458375261,0.978572273792629,0.9681464400412404,0.9821801925039324,0.9942118569484124,0.9852462327714254,0.9890286824478433,0.998713576335756,1.0281325916271826,1.0168553044639406,1.030088803946658,1.0540884666573052,1.067626267074303,1.0871214445114235,1.0801079361679677,1.130642938394994,1.1578969205384564,1.153073812339061,1.177266835331811,1.2115689641443934,1.2412732258290788,1.300882688830715,1.359649680408314,1.4621748444107852,19.181009995359187,18.214613468681993,16.870496705205273,15.454309273057216,14.444784693267634,13.423471995318497,1.0874734184275265,1.0783473809686155,1.069696489043654,1.0615041851116613,1.0537550734641072,1.0464348436763435,1.039530201082589,1.0330288036066673,1.0269192043571875,1.0211907994630485,1.015833780684319,1.0108390923857806,1.0061983925066542,1.0019040172010745,0.9979489488603953,0.9943267872610433,1.0109484221508824,1.1189628608143498,1.2532475629755029,1.4246515334651708,5.868991946219935,5.734687910589532,5.599816999867316,5.501734693423227,5.382985212776558,5.266083181884204,5.149880348808245,5.063683892065906,4.981967541777371,4.86903732132061,4.788575597758156,4.713554671097359,4.634697083999744,4.578579341641959,4.498655806676227,4.463139201877693,4.379601249940773,4.315785996679873,4.247429779900378,4.202536385728648,4.164897157198797,4.09394632590218,4.071071983501851,4.0346769507910345,3.9817466272169413,3.932855296936325,3.8791500102193344,3.8627693391504008,3.8507971709492392,3.795103545582788,3.762999523888985,3.743388063982325,3.6936343643513583,3.672319264766494,3.648538090526782,3.612747949415565,3.5721352845487813,3.5665421431527493,3.516357254383232,3.5023991262751775,3.459186213247405,3.4081873192958527,3.3909412269471266,3.401413288717933,3.338425942228353,3.3327445678308525,3.2993013414960397,3.267807761755549,3.2381932256052184,3.1733332803505134,3.204907108614095,3.1424139299578804,3.119323357536206,3.1213172524565613,3.096287606507604,3.062912331483516,3.018531408395071,3.0147510756544382,2.9954675020901567,2.988068963208621,2.9464319179702247,2.9478523764614657,2.8887838254073195,2.9008632717539333,2.8432582724285473,2.8541687963911833,2.801516595192772,2.787427826844413,2.758840316482563,2.7475006487055484,2.7217824450392265,2.7143796308404453,2.6987433326806487,2.6874065805314378,2.6392417112430975,2.646395596363066,2.6121486289147056,2.6109219763620315,2.583969759030877,2.593462465893461,2.553526218254994,2.548899704985987,2.513640518839468,2.506048686784159,2.519789623476869,2.50321452077041,2.487437296201056,2.4770985329278856,2.461896076175301,2.4519752350649675,2.4012662799404865,2.4364995447934783,2.4296808604915525,2.3877065562108677,2.389883394388579,2.358451191779728,2.36064891946643,2.362007085886146,2.3510564135567873,2.3404650601052848,2.3323669689293904,2.3345561607692145,2.334196113853596,2.3037394055796803,2.308698015442162,2.291004572564606,2.3037618457765188,2.278033152770346,2.278895377382972,2.2849449922390477,2.281383279583177,2.29722409045977,2.257758677590929,2.2600306310407148,2.249224637037482,2.227514349759918,2.2473129227603703,2.2489387392039593,2.24836961466808,2.2423400080629348,2.241110790309732,2.243475395337096,2.2270561450567996,2.2446303510228036,2.231871269766705,2.235672819193214,2.2335658391760265,2.26400700755553,2.236540404673392,2.230895703248617,2.2458743034617625,2.2351484094850402,2.2308388838584423,2.2739410850194117,2.2346065112959503,2.2604638099242567,2.2319156445103894,2.236731768382819,2.2495768156253972,2.2604764744007295,2.2617538080779287,2.27108620081369,2.2828437366269387,2.2809428473385456,2.279071103804907,2.3090828411289004,2.3058061587632004,2.2972878736715066,2.3098748191880216,2.319524413397512,2.3295484978835335,2.3435934050530474,2.3408174938237507,2.3494386804548597,2.358117147370054,2.378060865422892,2.3861432562170894,2.381570568180102,2.3952695974318843,2.411137182358221,2.4297173611456078,2.428036207095451,2.4440093649280548,2.448406913911032,2.473263422226116,2.5017365233428044,2.4802072733138583,2.512165486104808,2.512618377096894,2.540688077448659,2.5390403609145333,2.563874610886899,2.583511297661378,2.595609975981887,2.6071796110177257,2.6269378250801996,2.649172556327231,2.6424957435723044,2.678949874531882,2.697994596249595,2.706055015547643,2.7247598609030588,2.7419540079751523,2.750442180902138,2.7944441849435533,2.8072173746740927,2.8069032110258663,2.8474726095233165,2.853956012455776,2.8941228220932103,2.8971977398915474,2.9539040394697844,2.9568849252770835,2.988570406901576,2.9890343222550535,3.0037612642557523,3.036545076624943,3.0809984432536774,3.0901394855636872,3.1233091272838114,3.119779991047161,3.1791949860433375,3.1999916700307405,3.226949970000314,3.252310032412494,3.275164973138071,3.306415217862672,3.3439087111664296,3.3839928045469883,3.399111033111681,3.4330118287648297,3.46740205984429
4.4,-0.3180058025411849,2.0,29.998491776482624,3.524500834314566,3.5713981731058393,3.597130582582122,3.594480288760022,3.6494141458963756,29.996685000798145,3.7187464372237877,3.7837384081688468,3.8170733997765898,3.813865992849152,3.880629264209881,3.876174713249494,3.921814027032618,3.9543942824203544,3.9735491051661844,4.035258609374878,4.032294355528261,4.0981407379257195,4.114422462470815,4.135871357441147,4.165985885829102,4.220488073896618,4.264083264804073,4.300436269235266,4.3207803545428085,4.3337542475960875,4.391236319385555,4.423595406628644,4.414285514552872,4.480755859828787,4.504840344989374,4.537248108261568,4.575769935847625,4.596281433763251,4.632013251264309,4.667774838497724,4.708701343297793,4.7464115051395215,4.754573095343618,4.789658818445513,4.829943437862762,4.860114456172926,4.9140783233922045,4.928895453656637,4.949043799999801,4.979559671928465,5.00727034175686,5.046332783062149,5.064509403678594,5.113303014173093,5.136562698432545,5.182025718171574,5.197725970740187,5.26933276310449,5.303294727392188,5.346985485143861,5.410852998438691,5.452827945900147,5.528887101382171,5.5821868811292275,5.634021279186413,5.706023483066056,5.765393567605806,5.865171873531601,5.906357537951706,1.3954265174036269,1.3014564873552306,1.228657916799917,1.2366866883811114,1.1488404860982122,1.1161635028884138,1.1159099577926255,1.0840688569781665,1.063615957275691,1.062139736110105,1.0507312300596394,1.0418023007949337,1.0189624969134408,1.0009176523658065,0.9823428376995059,0.9960991667870771,1.0027946128723895,0.9801232448627296,0.9452297441853208,0.9492234994889773,0.9768286646902242,0.9566206705105078,0.9503630600340419,0.9354997644303312,0.9591733672842768,0.9496775282327995,0.9449282797841434,0.9655368369458186,0.9334202807792109,0.9232091454316499,0.941707801957765,0.9292816680953401,0.9713131908014355,0.9520428043504042,0.9524736470867119,0.9545710959321017,0.9663392040897711,0.9709194472872233,0.9875417346926845,1.0047423422213828,1.0099372412752885,0.9973285688665918,1.0059966525040713,1.0390710428650023,1.0276637596917935,1.0371609177322731,1.0713008888942184,1.0827546301977207,1.1257727684704104,1.142914794347081,1.1703795881787267,1.2621123136250059,1.2568752739396796,1.2957836433713386,1.3589797501265186,1.4320062259141169,21.004086873101954,20.786619159567653,20.51245215210327,20.119936833319464,19.76042512717127,19.179903389579643,18.543938801130917,1.0495689575781812,1.0401566070712138,1.0312230181326227,1.0227505809052122,1.0147229174687693,1.007124797337511,0.9999420607789489,0.9931615491868657,0.9867710418302554,0.9807591983781354,0.9751155066686088,0.9698302352507535,0.964894390281015,0.9602996764026906,0.9560384612786854,0.9521037434846751,0.9484891235027673,1.0262354017525799,1.1298798993107673,1.2572375346742108,1.4174402873941983,6.162918343432372,6.010052309941602,5.818914191748024,5.695770004595922,5.532572017502727,5.43385454388191,5.306333781806557,5.199407760335373,5.066250966047432,4.974347670593795,4.867663982342241,4.778085721580726,4.6900907266753435,4.602298696604645,4.525250467330717,4.448862751157434,4.385718306168094,4.339996518543492,4.256013562231041,4.18491255170061,4.117287059560751,4.104845407395727,4.025503993496096,3.991952134568443,3.936199084836631,3.9157720670881493,3.859240785642117,3.805215282600626,3.7751699764109232,3.73360377889952,3.7099056277890488,3.6800019850020553,3.6364992794745667,3.610061034984277,3.5619065719490046,3.5273011613993317,3.5169433327329123,3.4728087417457782,3.4382255348836366,3.4373470147195078,3.3873922800208462,3.3740036581718384,3.310157453779104,3.3311101950512714,3.2774411351983184,3.2808135687447546,3.2093595750387673,3.195670723985838,3.1740526599644263,3.1257592820775373,3.1453934812645876,3.11379851526677,3.053073844399861,3.056212046538772,3.012076357426146,3.001116628115541,2.9785673726026123,2.9931491525048415,2.9503832582861538,2.899681448543447,2.8924432180641144,2.881835219168418,2.834250076287112,2.8321924151325844,2.8181801962266526,2.8005519097458653,2.785876785545205,2.755952680873047,2.7270434902594385,2.7206146561557913,2.720816589565954,2.7023195238768984,2.6553254581054073,2.64710381286323,2.6360980717420555,2.626589402653103,2.606547042127606,2.5996506418252814,2.5948682678608597,2.555642217546111,2.5516136569078554,2.5111875873926115,2.536129798577826,2.4857460657093435,2.489682147067355,2.4632823494548606,2.458828258472244,2.441303123028046,2.4463329556946785,2.4329791382111283,2.425521940526248,2.378995153055313,2.4066836881004394,2.410469838546812,2.3877084564504503,2.3710608337476593,2.367550120689468,2.389923136764808,2.3537464898747418,2.3216827736261476,2.3492458221209183,2.338320341623581,2.331984558953231,2.306492898039988,2.3076716500494725,2.3070679483570196,2.307907031227238,2.3149845874952026,2.2936631283561844,2.2885033761917946,2.303442897551509,2.276759972330452,2.2715645239069673,2.2864263196180814,2.261902233950511,2.2516697332218616,2.27344708790785,2.2654565610846573,2.2503961249636286,2.2591347444527985,2.246647079647626,2.2652249572755085,2.2572085592134057,2.2472006798984423,2.2400433589479114,2.262100031992645,2.2809092001303717,2.2594790997653806,2.2458729100994335,2.272156500458681,2.2733311906289475,2.245811994619576,2.2540454609609935,2.262398411781731,2.2829964604076003,2.2964738421137194,2.292394351149604,2.292205347603943,2.2838406189751805,2.30916580960779,2.2869795839991816,2.339310557082719,2.2919106939853653,2.3296944290288453,2.3053982348230178,2.3461047758345823,2.339148772704881,2.3556435494290544,2.3507031251966284,2.3455235279418405,2.3876562505337287,2.389786251164592,2.3833353653981537,2.3877674393924613,2.405850212764767,2.407204280582527,2.4362966497192664,2.4298560422332147,2.4530750133291304,2.4598293323768936,2.473222243795749,2.489499190222206,2.474503192875047,2.4971925155734183,2.5013585209230382,2.5441026659713133,2.545323365594441,2.5609001141958347,2.5768871889599807,2.575748775939793,2.632481182471266,2.6245932462324637,2.622467975509862,2.6362187682810956,2.664898877485587,2.6831997609904428,2.6916723513856886,2.73556637548537,2.749478198200409,2.745436266462708,2.800211573992905,2.7904198374398366,2.807250363352838,2.830819335520814,2.880457345531533,2.8808884210811168,2.9075318597703537,2.918236104299049,2.9562141520174245,2.9722273427323267,2.9888200923001467,3.012961887791387,3.030263873393685,3.0727220238452095,3.080059184835037,3.1039744959271665,3.128801045679782,3.132316206207217,3.1840926014823587,3.1993971818253586,3.2546255326548685,3.258867660617107,3.297501226503079,3.3196450150875676,3.3214791717003296,3.3807918164923336,3.4041277356153627,3.434975945350725,3.466246341963079,3.4898333946706415
4.5,-0.22501476280520075,2.0,3.5724409596315083,3.6016689900092405,3.6364506950124613,3.674133538434676,3.6879653555706606,3.741768329766328,3.751100094441869,3.7806394553530667,3.820524369346397,3.8414882798788086,3.8666455996942175,3.9349758207229435,3.94293664474692,4.013197979431108,4.015415527271577,4.033455011964272,4.0711848455794275,4.1040077743973,4.146358737391657,4.178699741229716,4.2075674481868175,4.23683816391255,4.234371033272926,4.306336815618018,4.32936101079649,4.3641224206142315,4.39952197347169,4.438586241053149,4.477772946519591,4.513770076508466,4.52477915217835,4.580491230145594,4.605374027794351,4.622802683899349,4.665003752504011,4.6864459187037015,4.72577227079717,4.749238241224385,4.778197817365939,4.826213806921753,4.830345775515519,4.879655515076719,4.905536308863544,4.933408500525346,4.950116770527141,4.992449960766467,5.018537055437325,5.059865234795117,5.090220021834395,5.110307900183308,5.116484517605813,5.149775021159463,5.183614012073284,5.235290845590608,5.250751334815587,5.298186960575237,5.339794492466979,5.371789942012722,5.428235017839282,5.464785689744874,5.511845199154349,5.576044230857805,5.616000266856986,5.66202097283558,1.395152114605274,1.2999839092206595,1.2191815439317302,1.1925808222175138,1.1676751528339875,1.1628959380202921,1.1240788415541632,1.106233301996054,1.0637292437586983,1.0571820870597424,1.0038655331228103,1.0317361934023759,1.0308810111508124,0.9937386966337471,0.9690474828115949,0.9623377416599788,0.9797441506090429,0.9790380404866683,0.960095406174113,0.9703574804848629,0.9290213292835947,0.9542179424639794,0.9349015106108765,0.9514206508008747,0.9293305585641838,0.9294306842603166,0.929972913503747,0.9440574876505405,0.9338139034185955,0.9231557566212238,0.9181023345198641,0.9122272560044788,0.9506171841820293,0.9334319102093762,0.9391513478652574,0.9577019728501671,0.9494080511621423,0.9682803432132362,0.9499944858000113,0.9756642730729931,0.9811668564028301,0.9826283878811165,0.9946790024208275,1.0311422532250072,1.0221586154152673,1.0512318382209194,1.086016193971562,1.0553453684200402,1.0953942093729758,1.1408105240210555,1.1507219444495427,1.1510158385573697,1.2153222616523123,1.2689628892022535,1.3459314478323585,1.413013853637935,1.9388093039997494,2.8479727194450746,6.389178647995115,21.390816273452074,21.273913400169665,21.13087554285716,20.987233374623546,20.723580033170947,20.498274473382086,1.0152382778889362,1.0049860996016082,0.9952391516932295,0.9859770159446517,0.9771807104477928,0.9688325839981758,0.9609162205082443,0.953416352402923,0.9463187820836769,0.9396103106557625,0.9332786732078421,0.9273124800156416,0.9217011631135715,0.9164349277416005,0.9115047082304478,0.9069021279373171,0.9026194628878904,0.943527801915596,1.0166425146398705,1.1024046485272234,1.204370148415075,1.3275662194513123,6.552111463234229,6.3302834387144316,6.164854931546966,5.96359302529732,5.834759259126448,5.640303447314854,5.521795888647531,5.37959274442125,5.264478907644525,5.10442248118639,5.007244905156698,4.903760661457206,4.787524541596034,4.699967145772212,4.5912602640767854,4.544718746367018,4.437289951859382,4.356813248537341,4.300091216101023,4.210307365450655,4.159625401836897,4.081929121890173,4.016578748483438,3.968348445038439,3.9078234037271935,3.855530149595155,3.8191591050439837,3.7642390266887733,3.716614908101181,3.704803135123241,3.6277388202797076,3.5915743687116164,3.5530929184932827,3.5178702226774035,3.4877567536054883,3.455226480418949,3.4189604250474703,3.394186453229077,3.3964776839062796,3.3554469649105245,3.352611464203193,3.305572286842663,3.2609327516043427,3.2394913132364778,3.218231909401878,3.1860652790027384,3.1824055290005093,3.1323036206718564,3.1108120971535,3.094217402493564,3.0784770991030954,3.046414024482415,3.018651154430982,3.0216560324839747,2.9803458832116134,2.9422291543225363,2.911034831257136,2.9006784977580655,2.8931080339382658,2.862157829028828,2.859008321225889,2.827761720740727,2.8051288711787827,2.8100047868050106,2.772601748557857,2.7592902345340766,2.726393000775641,2.712771610994914,2.7166036656411228,2.7164667938327725,2.6501933395254365,2.6696189054460295,2.6339420281732995,2.623578143846493,2.6134277655095546,2.605933105269131,2.58036431594185,2.5680249847322427,2.578623933802247,2.5451508219575345,2.5270399231319454,2.504782920571146,2.4917553012117915,2.4720071318383345,2.4712014793075663,2.464864089158969,2.4534214811289536,2.4593641964453328,30.011969473578667,2.4162391784715433,2.4045626481783917,2.3924527912119,2.379318346028957,2.3813570063591887,2.3796317160184106,2.38204513028698,2.375474921020392,2.3336138364761734,2.3495502139248217,2.341515725024315,2.331493731503702,30.002536653893443,2.313859379994863,2.3042235911122386,2.3047411103182824,2.3053686864988876,2.322169211151518,2.2960674706313897,2.3005703198765888,2.3003190892313303,2.280273353373014,2.289894833126473,2.27344956712789,2.295512512542634,2.2868413271532013,2.2728552951497734,2.2562967355556665,2.267282064491162,2.2678593418307016,2.2750980717913123,2.2681808946531654,2.2933606245423213,2.296864657509962,2.2749522759164336,2.25182777061354,2.306310076549923,2.2804642637963832,2.294089873338471,2.270647249425157,2.284199999010805,2.2900109653997154,2.300670582044252,2.2801737698024764,2.2789826163499356,2.292391324683099,2.3051480437367,2.3236414922934476,2.313421341487289,2.324765803395971,2.356305659087672,2.353166215448195,2.3432825708748894,2.3355981132812538,2.363105544591452,2.360619465892576,2.374569220775987,2.3863885621753833,2.3720164867529494,2.3700002300944982,2.385444755196886,2.3843726603964357,2.4397437539851743,2.3993278051205835,2.421874281052104,2.463643337038263,2.4955010292056823,2.4837772378079377,2.4749806027376695,2.500224553200323,2.5245073008894225,2.519742190710619,2.5427876270642695,2.525870769639397,2.559476613579387,2.539822029484292,2.6017191555115744,2.5923858387299155,2.6015486317966707,2.630301041616075,2.631213088737475,2.6605551374969547,2.652197140457078,2.679970044458699,2.703389875576131,2.731567343122068,2.7276407204204673,2.7618589379765273,2.804056874723534,2.8000108446553837,2.818613499459006,2.8386250764421748,2.8733926672139494,2.859478217121481,2.914120696798254,2.925062227396121,2.9427099344848497,2.9942299987629397,2.9792033932805637,3.023487198782501,3.038324701086882,3.0377943620232477,3.0723184787623223,3.115558668148994,3.134318190922677,3.1848640932214805,3.200606544115094,3.2046253913716796,3.2390877233671493,3.282104884578366,3.2761299936483876,3.2947751694988776,3.3343732428100488,3.3783092077922188,3.409913469903944,3.431697437189376,3.4493541253280737,3.4950351422123473,3.5186575177413353,3.53850071196034
4.6,-0.2454806836507002,2.0,3.5979780828465,3.6011340526192295,3.661696829796986,3.6986027827780656,3.6970197911024014,3.725409109310955,3.787334092628703,3.8220373060909347,3.8373447269600205,3.870969349755118,3.901529594101923,3.9169395943016374,3.9740793797573493,3.9863877357023427,4.052040611969617,4.0244647903749495,4.089854008996994,4.120454855123204,4.161503378272596,4.1999907343996,4.214740363258932,4.26632331025628,4.27111544511396,4.315154307291736,4.325704167856592,4.387305038196917,4.42463737709569,4.432105420731487,4.49315452244466,4.521947094168633,4.55195703847088,4.554601707692441,4.6138525055140445,4.629126119949353,4.672240509144592,4.720377905893895,4.739359395289226,4.767433686750287,4.794208763083671,4.852828669649554,4.868471816605675,4.890353334898169,4.890122437644626,4.942372749768788,4.958175574275246,5.0165640086129475,5.037943583385533,5.061675995142233,5.083774672807717,5.137305293441607,5.115118998030089,5.153428495531476,5.186744511127576,5.23311989330459,5.246338301389575,5.25018698762326,5.283974638995155,5.335091424685038,5.329117660321025,5.362970210511123,5.413716182029314,5.427741459062859,5.476727176776048,1.4120709015631436,1.2976633948889718,1.2536880087629618,1.1902242328532373,1.154336685267168,1.1449242698554756,1.0978211118706176,1.0744385305649256,1.063081651902339,1.0410663340240258,1.0237018962695512,1.025986146150949,1.017358292599766,0.9707537224462018,0.9876767002379374,0.9697024034851724,0.9566210243026904,0.9788283251983229,0.9442505341096629,0.949462509074774,0.918308811548778,0.9302792180558005,0.9440129804963096,0.9264950448261386,0.9300477919348117,0.9066314537298613,0.9220229856593215,0.9239135133635005,0.8972968856625821,0.9284634019297561,0.9022373718087938,0.9068689489394627,0.9137919614856927,0.9221849564236818,0.9364340311015343,0.927918213449716,0.9543389078902978,0.9432038263777809,0.9498098685425456,0.9483969615598071,0.9234204462520251,0.9686856932224197,0.9745823962906286,0.9795092784411568,0.9970123519745566,1.019662085036555,1.0310930133836473,1.0638800000719733,1.0802996634089896,1.0784745699518217,1.1157875920232756,1.1171731803819602,1.1658793608802283,1.195771423144953,1.2313968481277915,1.2952217465933993,1.4019348852889995,1.5668162130229932,1.7653096148455238,2.0194536875410027,2.3615060599877276,2.7819239337329114,3.4945901998461637,4.4780578339875134,6.761430442293539,11.773858963960475,21.271275265177085,0.9759747771239546,0.9652674384834967,0.9550803665995247,0.9453911450565304,0.9361789531823473,0.927424443045987,0.9191096284070391,0.9112177843296569,0.9037333563331864,0.8966418780889907,0.8899298967921864,0.8835849054405712,0.877595281343189,0.8719502302597324,0.8666397356408911,0.8616545125002025,0.8569859655011366,0.8526261508900134,0.8675416530331292,0.9291273737415318,1.000453183501853,1.083998196762023,1.1831611747604673,1.3027305215751255,6.9492173613675305,6.7438387455318765,6.498419581830041,6.269637498023461,6.07841186212615,5.863953094999357,5.720477498882337,5.554598849390746,5.425702855544782,5.255803780760965,5.129776344210952,5.0080938382099545,4.900797506465312,4.800126316527292,4.678364724013472,4.571313995344042,4.489109227910489,4.412359124047528,4.3057166556993565,4.261970228250044,4.1488060285450326,4.094877334101304,4.018952166679653,3.970506729912171,3.9114846572524327,3.834734262426382,3.7831640874451216,3.737686250771763,3.68042698841321,3.6636533685409933,3.602346976067165,3.540520994229651,3.5366691094127876,3.4806684414295708,3.428332349743644,3.400897460440775,3.364793924233028,3.3469043406100645,3.2901633511703885,3.278176673439503,3.245415923098604,3.2316669184904363,3.183007924891491,3.167704969885197,3.1394327573642564,3.133893545281443,3.0693293895456204,3.0685698414745417,3.041146578461979,3.0146133270460456,3.00378227547043,2.9995384448575906,2.9578109966905672,2.96407641741792,2.9107607568458373,2.909627993149743,2.8978653997296413,2.845444568146557,2.8687880903991623,2.8365541074318963,2.783266189037389,2.770098516658439,2.7629524641693557,2.7247642515210755,2.7073675703839286,2.7206018334170645,2.6784007758011312,2.67010375428695,2.6488927839102385,2.633929550522125,2.6232729204316056,2.6142433090673327,2.5824846042865666,2.572803758178551,2.556672027683561,2.540422804933112,2.5274067512857656,2.5244552254478245,2.5396810809392356,2.498342372175623,2.4985499921564776,2.483465324854193,2.479432952984131,2.477732027027727,2.462507282428121,2.435961831831984,2.415370673183126,2.434888445354254,2.435193069383928,2.3863278984154874,2.3780588795847177,2.4154108528044183,2.3676754147774672,2.3810031192007397,2.373770319619809,2.378712674220115,2.361297701539178,2.3516556133853506,2.346798434990031,2.3435745345597736,2.3162537095406153,2.3266627478406874,2.3122920282636805,2.3112352734936192,2.313125292797126,2.321671890517659,2.338452347519311,2.3114909679559066,2.2846398316722,2.29043348485995,2.285290820984811,2.271710361090171,2.2665378699569394,2.2985936476303093,2.284760463317848,2.2933501262661387,2.284726006888226,2.2919605090122595,2.2787278051036273,2.2873064701410235,2.261467270722742,2.268714055904582,2.318387155936957,2.291968640511645,2.2929576694712837,2.303316184502344,2.290857333661537,2.280343156870129,2.3253740630883737,2.318145995298208,2.324687171612563,2.3055259693797825,2.295650221896109,2.3444435350145567,2.3273453989591926,2.337756471124155,2.353633508604934,2.324113980176452,2.34114086983319,2.35238631252119,2.365661161993834,2.381265760096801,2.371284035404943,2.375230869987881,2.3903181820578694,2.3967397285070877,2.4197927570025572,2.418053012687838,2.4286791935498715,2.4694525789226733,2.4789962854612697,2.4809444453706915,2.4695967229533964,2.488073566901766,2.468515996976708,2.5111898719680776,2.5422687086467484,2.525408317718287,2.5421106606256796,2.55878853293474,2.581416854887116,2.602465337008134,2.617434994619672,2.6129295204074725,2.6259940641956607,2.6380468983485104,2.6460159964044108,2.6939806776201296,2.706935636181255,2.7203699342800856,2.714201378855557,2.757281960239046,2.759001313911279,2.7887394361986395,2.8273643962368262,2.8312541252334653,2.81832977821149,2.8648404928910645,2.867815866625465,2.88068704425501,2.918219998134247,2.9451187720539322,2.963103283339711,2.9547680870473907,3.0239784915127794,3.061116711425379,3.065842893125317,3.0883837963123923,3.115210047768449,3.12688016947567,3.174980726244941,3.1886143282064334,3.2207972271851215,3.230610690829582,3.2664232329446077,3.284184739333868,3.3122181921336744,3.3290320775622937,3.3753635740452053,3.39955009296377,3.433002257327882,3.444323337839579,3.45484769593004,3.516042365199384,3.5400094363869394,3.5591490673693826
4.7,-0.03085358707571191,2.0,3.703130190609336,3.740796994720332,3.785765918891181,3.804406600293579,3.8169815269649248,3.8630844078219106,3.8950782087468334,3.927762273936538,3.972873656537814,3.9859367380380424,4.033064551985412,4.071067289082272,4.08403200967427,4.119095444602809,4.166332559938951,4.177088606303775,4.2369334850555305,4.233669064235841,4.285034489843331,4.305946210613388,4.345927391570043,4.393004370585144,4.425001114741482,4.444675156618883,4.4780616247177045,4.499454052476854,4.533537144265159,4.589242373386269,4.613668871007226,4.6379556864839016,4.676245119663671,4.679234853467117,4.755144629895286,4.769120103226364,4.796393641152414,4.804324563720729,4.836340606630797,4.877105215450581,4.927854501633111,4.94071022398559,4.964216605108677,5.004237242850126,5.023521231420931,5.055398963322419,5.103292823012511,5.118432854177907,5.1370764320782065,5.192036000282376,5.191494455033297,5.200421312549238,5.240968655359629,5.250742026962801,5.280163832602172,5.304522495191853,5.3394637574263815,5.346284234399787,5.364663333583676,5.3845477301782285,5.41311246407087,1.3910926971061115,1.3267580264511905,1.2527341351256691,1.2169292791607162,1.1528537330874211,1.1542591070246724,1.0922149748824683,1.0645233573243416,1.0364963080213103,1.0331463923625277,1.0287263629598402,0.9940839334915327,1.0149772204651628,0.9838949119988707,0.9863308894473392,0.9520538516057858,0.9763206746662868,0.9554241256930628,0.947322871648679,0.9465134865703339,0.924260844144378,0.9203294536037858,0.8951651808896744,0.9204258004262849,0.9079191841886568,0.9283049575477456,0.9227828840214162,0.9264040859294733,0.897843055988887,0.8945147072489829,0.9268856591326193,0.8934923163046423,0.9218439575606483,0.903921757035333,0.9098530127461344,0.9188616686771697,0.9479223478035688,0.9282890837663127,0.9591987978357576,0.9379236373380978,0.957232139261652,0.9476113992787327,0.9866770011342975,0.9857624714646311,1.014904855765581,1.004754757287247,1.0241973912633149,1.0256539159918918,1.0576225683295892,1.1004235746040933,1.1040054265151598,1.1376033137998183,1.183624740811103,1.1767030963273621,1.2436025650630198,1.312201735500712,1.3791101301260205,1.4682152970857605,1.5593799700006525,1.7026100319467317,1.7907506663653228,1.9646540047812782,2.1435804769052806,2.3412544947803138,2.599471409594592,2.9001334748769407,3.378448164321507,3.8862604836660855,4.7826334797433425,0.9367785076774736,0.9252709388195601,0.9143178950843692,0.9038933499921786,0.8939731791363735,0.8845350039127369,0.8755580510508618,0.8670230261528172,0.8589119996759357,0.8512083039954184,0.8438964403534489,0.8369619946489877,0.830391561149917,0.8241726733197128,0.8182937410468444,0.812743993648716,0.8075134280949858,0.8025927619589852,0.8063934058222044,0.8529041045910585,0.9054012168722402,0.9650980700023174,1.0335599070141623,1.1128414274241794,1.2056943051740037,1.3158900684129782,7.383793175944925,7.113929717987971,6.802720564390027,6.55111560960367,6.31846538833387,6.114304290283153,5.895620887993229,5.714771838405691,5.553940333251066,5.372314554945897,5.2292811349551345,5.087835765820353,4.974258096713427,4.840116324325262,4.732634983463594,4.611747621595053,4.500650627316354,4.405277017900136,4.309225944422272,4.2410235023924905,4.161937832801653,4.069548108547849,3.986275090442522,3.944888618088066,3.8684803000884216,3.7756435090760263,3.7291119190047963,3.6760405023595792,3.6484076378825696,3.5599516553903476,3.5164962788755627,3.499665302573073,3.4347869029197735,3.3860522875162338,3.355667874673837,3.313154016981759,3.2658142509301378,3.259382156795941,3.2073730384300303,3.191990434564999,3.132444561578638,3.141843360909477,3.1050946696462427,3.0758801213192366,3.054080789474933,3.0183608954039394,2.994200360330054,2.9669772267085284,2.9737153968711967,2.9364445228404916,2.9120360343724503,2.883858546328726,2.8760424151592345,2.8720356128185345,2.8225934647059137,2.821870109458987,2.801559817187416,2.790738890293053,2.7503016752682043,2.748225504088991,2.7436120516649565,2.7089650515215222,2.6961154386211903,2.688812868247211,2.6476966693121056,2.646054147169579,2.6324418945597157,2.613343776911864,2.6200864305015013,2.595496242606169,2.569447953074738,2.56178172102367,2.550383141330429,2.519176675576465,2.5207437935250097,2.506367328983726,2.5055790501886204,2.4936722494761163,2.476785424845268,2.468660150900577,2.45406476358067,2.4367084759555833,2.434846670803599,2.4269952596086215,2.4259574013114302,2.4105812667918736,2.385428901384756,2.3745795952175612,2.3760919412066377,2.375448550351515,2.368022701137569,2.3610908486981295,2.352284129824864,2.3265122467336363,2.359457328181587,2.3401754929493883,2.3219523505884108,2.3138874793315827,2.330343063004832,2.3131080019114707,2.3157794524015904,2.3021080817872615,2.3074351337040806,30.014935028150205,2.3047316474203594,2.3125191072702527,2.305011327952003,2.247937571036044,2.2814150557881283,2.2835650434950154,2.2950183346117856,2.2901590466239705,2.28828695791576,2.299876013932582,2.2943136004218765,2.2778291902147543,2.2891895352459732,30.010562109628612,2.2884939264377655,2.2792719751008716,2.2834545407856432,2.292855181426845,2.308218446803224,2.3033168663696486,2.350471633934043,2.322575213806674,2.302269419353254,2.3149102227741616,2.292616267396863,2.328246462111925,2.3363643579393343,2.329043545631426,2.3443287434392404,2.3575836758334408,2.3562265774144104,2.3774166612508862,2.3757809578269855,2.370527589571498,2.37513975860685,2.391519198785486,2.3863243577031907,2.416226951026841,2.413246477518082,2.4122433944446,2.4514530867335895,2.455461949475939,2.4530759128418054,2.4485618810990477,2.4842694303790593,2.5103362260351374,2.520266592509396,2.4900987601278404,2.5285029795881666,2.519506065591638,2.557163303456299,2.5657575650985156,2.5752332620601246,2.5538929247306923,2.6218799584836936,2.6339086244130843,2.6382570546858704,2.64925189658224,2.702627148802871,2.66362608084897,2.7041058218582705,2.72655375540712,2.7479819759353585,2.755612319315239,2.762117274252013,2.7860925050688774,2.7938697198557656,2.845272279281795,2.811231530672527,2.863673912307097,2.8784120716815402,2.9116769451781916,2.9276129914676505,2.935308711448975,2.972319991708149,2.988248319296051,3.0050043514305242,3.0293515768690287,3.0386754087882526,3.086449138709931,3.1016846619366927,3.120181920567071,3.1712996771911204,3.166619614769726,3.186774200840204,3.2328689402295154,3.254726392297396,3.2896120615619893,3.3024593104268845,3.328859865083074,3.3577740061428027,3.3826736749945856,3.4187658300940478,3.445056890380488,3.4617051668094394,3.499124274804489,3.532389987015184,3.568737417219779,3.587929568758703,3.6073817413968996,3.66859497036775,3.6810870263841142
4.8,-0.11772744058701085,2.0,3.749982752976429,3.7381782884631325,3.7629921617502724,3.8229766546816966,3.8686729792026027,3.8780369383137407,3.9393271354886363,3.944475089072083,3.987584818400549,3.9824341062875837,4.049071407130948,4.086612565235655,4.115741627844284,4.161525971137592,4.182702156124193,4.219626966207185,4.239715135712135,4.287560916609745,4.314190957688342,4.3347663179075475,4.376859180639552,4.412357887162388,4.444762547340579,4.478300664521674,4.506792356851096,4.540487819639818,4.579212602358416,4.587967524414392,4.622855805435683,30.0058359990745,4.688529856743886,4.712435927322383,4.743930179520135,4.772154650648495,4.835606422693557,4.859670607461587,4.898092675152333,4.895934653867999,4.9666053389403295,4.961875225137002,4.99444639306702,5.010923606880977,5.040021956186544,5.083879225714195,5.14498223289374,5.12487725833588,5.168282511310842,5.16557123483657,5.218620909058714,5.219996204415219,5.270083891964921,5.2717308140470935,5.294514211543686,5.283151964682632,5.352973665913443,5.351963140980031,5.39503830434982,5.396572394055291,1.4542345052037589,1.3576255450378012,1.230826111760881,1.2308964668012141,1.1529925961579983,1.1711798023835127,1.1172767365099443,1.0955800556153965,1.0871298518086778,1.0484777337861009,1.0558953319216624,1.0019243793674566,1.0150124558370177,0.993874919274504,0.9708293839726925,0.9829301259263429,0.9479221835444532,0.9348847376653717,0.9644709834143138,0.9381144714746941,0.9162995566342806,0.9560675360625435,0.9179228293697161,0.9119399112353889,0.9143927266287576,0.9357164262569958,0.9221678039690164,0.8771210706375457,0.9214542887788071,0.8908516399379749,0.9145323764928016,0.9215312373422442,0.9279428503157922,0.9237945685126407,0.9034720264095399,0.943535032746694,0.9267941625550866,0.9357894994898114,0.934126184043143,0.9641327634495634,0.9584088173681263,0.9623965781710829,0.9581781283984572,0.9633132224856762,0.9996905470532719,1.0086083109435282,1.0154421269981675,1.0235761807465669,1.0718141770369056,1.0830820013046376,1.0897248996335305,1.1127198647859675,1.15826187315696,1.189349032587428,1.2442528335852854,1.258525201264638,1.324929919669865,1.3876394559459997,1.4496583008131443,1.505461017096472,1.5882962481328424,1.649421444376869,1.7361837807633111,1.8698635966452257,1.9601328613652766,2.109036634211927,2.238428428395554,2.405589479843419,2.635361995607591,2.8560439571585805,3.1807229571986815,0.8919523723266247,0.8799563896816255,0.8685399487085496,0.8576739510599166,0.8473314872451596,0.8374876473213193,0.8281193514597155,0.819205198028534,0.8107253271482582,0.8026612979469124,0.7949959779727789,0.7877134434198833,0.7807988889913191,0.7742385463717001,0.7680196104062829,0.7621301721936046,0.7565591583933277,0.751296276133483,0.7463319629732662,0.7567633100526485,0.7966035102875141,0.8411421973859665,0.8912438804582105,0.9479992617631027,1.0128043734981897,1.0874754392557597,1.1744198059120543,1.2768977071043568,8.030179275503746,7.637943159901907,7.298906626045264,7.0255571481477705,6.6923050849630945,6.414579748854755,6.2237152618875395,6.001607874589889,5.801092778731923,5.592432667502209,5.431686714204561,5.261075407442033,5.123745237053792,4.987307333569373,4.827408654282717,4.704616797155239,4.589722459661619,4.487878760041477,4.37064482671541,4.270217616218324,4.193357237804666,4.080472775278109,4.026997744733576,3.9360481422715328,3.86372163721957,3.785809402362212,3.723096088537358,3.6852330352509424,3.6196750091207073,3.5519070119729896,3.490388478986179,3.4404057561670505,3.4023148697423458,3.370371471450086,3.3071580658105715,3.27653955660328,3.2323798548375824,3.185709770945547,3.166590156736103,3.1269801559198593,3.0968156012652086,3.0361109012458716,3.013462262123633,2.995213858614911,2.9628058583508095,2.9670158952719703,2.917018189576183,2.9007724367602434,2.874951242547315,2.848904809988476,2.8491647021564375,2.8456486575932916,2.8057185539987355,2.7863162997245663,2.7696563689044646,2.7358583115271724,2.7408555249971664,2.7205191667639137,2.7112568529531207,2.67477931724337,2.6695521437260834,2.6492790195375604,2.6285858796328587,2.621933838886949,2.628437453247016,2.5992130613551265,2.5719633059554625,2.551148110647662,2.5511300245770627,2.5466528930520567,2.5127798258717364,2.5227370184666187,2.5221594582152886,2.4904590667660265,2.48357244382092,2.480904777558492,2.436438417037226,2.4466263514533466,2.4238606698382363,2.4312588054762645,2.391063026414915,2.399523646253913,2.426621824991825,2.4093845352806227,2.3763563179339933,2.374322814295613,2.372610972186066,2.368593922863331,2.3571308258128583,2.3419527815116687,2.3632276680540296,2.355660301166355,2.347180843352909,2.3203200322821034,2.3310500939676695,2.317475489761969,2.3143096264190635,2.293678322706559,2.3061265936675324,2.2781432503266195,2.3170021445743423,2.2788138060807293,2.268906507539882,2.3039246413940733,2.2994991729599423,2.2881296250702703,2.289327929115241,2.285320613671656,2.289059974244203,2.2958288266001157,2.2962184556625247,30.003152481023317,2.283847072807573,2.310094718010728,2.277493667993772,2.2713644935012764,2.293380757751452,2.298459960789007,2.2938642604015143,2.3007364330656244,2.2887623046398193,2.31419163501392,2.3206389427843352,2.3127026255727867,2.3382271587320043,2.302116909528466,2.325179810482538,2.3313936124914187,2.363775067255465,2.3592741592048267,2.3695196157347422,2.3580349669906178,2.3713582459883007,2.3564289809301786,2.3819615857293015,2.3820882361519304,2.376797776426149,2.409561713244308,2.400667727283516,2.44009169080084,2.428799812007991,2.4220260339407353,2.4569004087772583,2.4763556121779726,2.4727453886467186,2.469285906827755,2.481450091635922,2.532913910063038,2.521637540321515,2.53171838057433,2.525216083694357,2.562073771158632,2.598651870957327,2.549421854227035,2.5892980555354983,2.619873779221143,2.6268319863380785,2.636152713441243,2.6380859630102322,2.665264449754366,2.685991580884838,2.7145896084815084,2.724953545228397,2.721965637275549,2.7330843110602787,2.795788056872421,2.819601993402216,2.8097185369650934,2.8304150946244344,2.8483410440385906,2.8768550583888453,2.874207427965307,2.9091636661015077,2.933169828163028,2.982562636147623,2.9748879248541735,3.00419575395487,3.043174772736864,3.0586103700066203,3.058201390168528,3.1116307409266835,3.1306298093557685,3.1421162100568725,3.163543538520734,3.2010891360864773,3.218309476921513,3.2456152796401465,3.2751147672137733,3.295445328373594,3.337284310685615,3.369525957457708,3.373214752239177,3.420609714529113,3.4412545739183895,3.467566751700022,3.5027275999289604,3.530306467641807,3.575077803742168,3.5830300717311787,3.626454004240805,3.6418144437690043,3.667442379806386,3.7292075119686996
4.9,-0.17316216220729008,2.0,3.8981388235348473,3.9569616628403166,3.970096094630726,4.014133696910621,4.055466808580127,4.05879567547021,4.1049413785027316,4.12376322635562,4.183747258008564,4.217153758299252,4.244344391031539,4.299351110761875,4.310208451304372,4.365323125365143,4.375967563292182,4.39697551878762,4.4250467227700465,4.464062937262233,4.501383753930502,4.534545826262636,4.583084810646674,4.588099228881687,4.632502027301796,4.648002061985318,4.690409732831822,4.710905369299332,4.770701343752162,4.809840382318199,4.803699995062369,4.839067622194899,4.897642321489328,4.921293423582395,4.920210125026609,4.9776807433001835,4.9877650545409935,5.031262550777529,5.057408719968708,5.092468481966111,5.133381972340574,5.138154206972943,5.158814116094115,5.18830950910198,5.218461347618807,5.226342859667324,5.263398959792086,5.309125781598337,5.297676955420603,5.330866820820876,5.3374811816755985,5.3842139598195145,5.400533943885707,5.422263826314263,5.438859706038392,1.4133137465785999,1.3456761718549637,1.259629773127226,1.1978119959296571,1.1662555371229892,1.151264659243457,1.137179075566648,1.089562045910014,1.0743223014458447,1.0703142840047573,1.0495860909806516,1.0102401409488573,1.0296612823133202,0.9950873204243198,0.9892735564258772,1.0030889529214602,0.9936621900434784,0.9648444163954497,0.9476786342708355,0.9640062248395825,0.9551017211057506,0.9495255352432381,0.9300083750477841,0.9258611341966562,0.9698300790827626,0.9325793384529367,0.9273793956853105,0.9309894503864002,0.9328237116608827,0.9436905206416306,0.9393642190171809,0.9509556646087538,0.9370068669466438,0.9608198246195512,0.9603254048942308,0.9537050171664541,0.9668916190877692,0.9428299705988293,0.9666661550400595,0.9795729055589276,0.9988631441585681,0.9743294613544078,1.0262577655773375,1.032954880571056,1.0235171915658394,1.0367087593146973,1.0587306801223504,1.0846148806364866,1.1105257370123787,1.1323249125731127,1.1539282118502652,1.1849285071315394,1.2220577647148352,1.2532418499541376,1.297725481651002,1.339673818087525,1.3729904733556852,1.417491931328086,1.4449426516504895,1.51171230984396,1.5526868498565058,1.6051748908900243,1.691704423954157,1.7537316212053735,1.8450252862885381,1.9113938921270799,2.021470812967409,2.1035152550048193,2.234806630577271,2.345482950554447,2.5118305407993327,2.7035933005921615,0.8482180076351934,0.8355473916422846,0.8234969955396501,0.8120331712201807,0.8011249086041854,0.7907435932309991,0.7808627905815179,0.7714580537821083,0.7625067518132778,0.7539879157457169,0.7458821008644144,0.7381712628287369,0.7308386462610255,0.7238686843653108,0.7172469083568482,0.7109598656370397,0.7049950457808423,0.6993408135182021,0.6939863479901496,0.7099915174797415,0.7417328298791993,0.7766928076411083,0.8153720759363839,0.8583809810219362,0.9064713775288911,0.9605801467342144,1.0218898276361579,1.0919147622906902,1.1726262263091336,9.394359668629534,8.789543408218359,8.360695861647907,7.878150578630237,7.534322952885997,7.147783508146637,6.805088000735059,6.572686108447494,6.283521152238138,6.026541600429348,5.837857449787225,5.632197383749019,5.438578653510709,5.278470477933678,5.095110910668444,4.943574282826587,4.82936273604056,4.664735079080504,4.546278596989931,4.432462539570809,4.337346617659594,4.218925950192167,4.140967764481797,4.044382931531742,3.938837051985892,3.863395727457416,3.7946896278024487,3.743861961021708,3.6649044516306755,3.589664181387779,3.518905845150159,3.4498046709047197,3.413730316985189,3.33824419318972,3.3166852896535954,3.260770271958835,3.23550990360174,3.1703131796482302,3.144223777515886,3.1070332771927744,3.059893763286342,3.0150359379111262,2.9811330203338473,2.968962176525677,2.91777056940116,2.894397107740184,2.867469267148644,2.8367487824359783,2.804420277780356,2.797323941943309,2.754210804206483,2.754218168655874,2.7034330900579375,2.694263388001122,2.679382900771605,2.681569534174693,2.6923764684706932,2.6267416710948117,2.6352883754124394,2.5952511221935826,2.6187640945938773,2.5828907091908815,2.5645647956870783,2.5511547079347086,2.544176495317141,2.5215331815026856,2.520673394151138,2.4887500928807684,2.496315265113644,2.478882021248751,2.4734101688408177,2.465607248088054,2.4497394004723505,2.4389675580330823,2.433117311486442,2.4371609730315873,2.4144464444904195,2.4080978580713306,2.383419646240633,2.364625535446693,2.375513041797273,2.357779534225797,2.3500042860520987,2.3541810972020505,2.340450715960812,2.3059722223635775,2.3357619700989214,2.322445984751531,2.3298786312369972,2.317129315701344,2.302850045144351,2.2924943146162984,2.2946643069636075,2.293043606869925,2.2912195768791093,2.2871739900568966,2.3031864681252974,2.286428228828175,2.27685520537029,2.274289909278033,2.252488788397485,2.288212350247957,2.259313603620132,2.2539742408901002,2.2662742444154187,2.2686202996288096,2.2577506348851477,2.264315981436969,2.2587371804378082,2.2523139641441032,2.2534880002501385,2.289402388853323,2.269473829199411,2.2622165367909566,2.2751684199006736,2.27204298125099,2.2757637428037127,2.2783750443197706,2.283057968279131,2.3006943144732794,2.291400468457773,2.310246807247987,2.314664973265829,2.294505566271448,2.3113235174025126,2.3209171830437865,2.3185805826944206,2.363300144266204,2.329879638447158,2.3627174231349715,2.3450064120230563,2.3614348578049076,2.3588244470591073,2.3671151164781383,2.383609929785904,2.3990443197088065,2.3897673128865278,2.408088393474999,29.984453105843414,2.4255446042164315,2.4365915919958208,2.4451921210038625,2.4541727262502566,2.4703850309329756,2.4634755376342015,2.500697337633818,2.5232072254850766,2.4985805621040864,2.5180267666600455,2.553501838747275,2.546108858929812,2.5689722145861755,2.590592155225407,2.60910355157544,2.6214114762223746,2.649673863851114,2.640704825660188,2.6566252519424762,2.6751238016647414,2.7235198598735133,2.6988802109655805,2.732525726962501,2.7704405938290426,2.787057867493013,2.783146019512362,2.8275823338336212,2.860860074173491,2.876249709051232,2.8942922956733628,2.877049821311662,2.9153104870250344,2.935870620201523,2.9787709543127177,2.9905308205219985,3.0124435963815963,3.041726135412229,3.069622697933279,3.0848309415144985,3.099326210543631,3.1398616258237926,3.1535690416515147,3.1670920036842105,3.2107194495073483,3.231328245445837,3.2883399895034118,3.2729590395116683,3.3115525547348783,3.343627202590801,3.341329404421595,3.3949626560271278,3.432087634867194,3.45092913275609,3.488745647730106,3.5167318245162726,3.5495113625744463,3.577705651760234,3.592806374132231,3.6316928502556984,3.634611922107904,3.704837687884524,3.7049699121671242,3.785405004071131,3.8043518529036406,3.7936690489670735,3.8475769171401204,3.866366686391398
5.0,-0.1704233983964099,2.0,4.00822632971878,4.026894660831855,4.074229922643282,4.113912813842599,4.13312822875207,4.149265255795086,4.185266798651155,4.243015148783308,4.271617511927293,4.312347863351496,4.345587527369328,4.377797290948875,4.412881314352355,4.451271676240055,4.472383455606549,4.504779103595525,4.546546939469321,4.537501059415798,4.607953542767578,4.627029573394494,4.6528185750004525,4.694162726206852,4.73294431135307,4.767223681789607,4.810774008756601,4.835022508057851,4.878422385417194,4.902821952643458,4.919251918314498,4.964371467556251,4.978687102788401,5.010644636922583,5.046847492502147,5.092962006211554,5.12509889847368,5.11458605380189,5.159750735724392,5.154154099314872,5.227947729033161,5.247218385253898,5.248997940262468,5.287968334902511,5.32804470084181,5.322301741590114,5.3627559542353715,5.385549921003709,5.421828137984372,5.426886326589096,5.4366780231197405,5.45856750756023,5.492577621330183,1.3901483833125363,1.3247633472714544,1.27119475622795,1.248023341091202,1.2207418290831122,1.1573424361854283,1.132044706095974,1.1200448372929563,1.1173803417630612,1.092446751678181,1.0698262710633037,1.0816969547031132,1.0319188022341936,1.0487253180392067,1.0407303972623003,0.9933169151703594,0.9956822612856501,1.0282022129046915,0.9858601050827364,0.9619491911241649,0.9542997430807872,0.9925664497370283,0.9962251926448749,0.969640814297164,0.9859118725124417,0.9947069062913261,0.9858791232547655,0.9868018826428321,0.9611899980396527,0.9438291637477515,0.9791361344019912,0.974883002029775,1.0000701490790607,0.986789280354311,0.9935691319545745,0.9927793662433498,1.0171878337843667,1.0291917345807753,1.0224963851634956,1.0235546525294685,1.0307263810567362,1.042090192628395,1.0497366386167664,1.07099821720846,1.0852678407770107,1.1162209298185601,1.1206855795228405,1.15928097539029,1.1669292943133842,1.1739977380567588,1.195147409759463,1.2645033359459048,1.2678278624121893,1.2974610502115806,1.3460354994200376,1.3352440100959388,1.3915736889017911,1.4211079259867145,1.4638108638676197,1.49582584758957,1.5470203076193287,1.5590312651264764,1.6335388857413,1.6751157567451669,1.7568063575064727,1.8186223890625484,1.8718518233145869,1.9604373150342114,2.0449588432968864,2.1037364939564993,2.215816515499272,2.29298018341273,0.8134770109800683,0.799778453949837,0.7867693878091067,0.7744089587395138,0.7626597021836808,0.7514872083546855,0.7408598270058048,0.7307484062103523,0.7211260606901415,0.7119679658890683,0.7032511745391964,0.694954452929537,0.6870581344778521,0.679543988535739,0.672395102637118,0.6655957766383798,0.6591314274016545,0.6529885028465322,0.6471544043447852,0.6468610518614888,0.671303895720259,0.6978875328213705,0.7268940420063501,0.7586575341685262,0.7935767180842049,0.8321312929985673,0.8749036002607798,0.9226076135823287,0.9761283435565689,1.0365762990487546,1.105364174254841,1.1843171156739802,10.754287014386126,9.953006096276813,9.245591250283754,8.765079660535703,8.185545963885406,7.814553516913073,7.368864386994133,7.03136612085402,6.700595510829073,6.430737998347105,6.146787776979254,5.888412701076425,5.683499047981228,5.47534317998888,5.281603653424676,5.1153471813816855,4.982449497396304,4.795713042372961,4.647269370605509,4.522522852953019,4.395115001484062,4.298953766811438,4.187821698897147,4.088742309459534,3.9972270324793135,3.92457791038191,3.8012161052874958,3.7442122989558086,3.6629565209027803,3.5791008002564495,3.527102833416154,3.4441342578788494,3.400141147846963,3.3201639652712074,3.2757837391829363,3.2197621498994597,3.1985917888318744,3.1240070957129524,3.0936235973144144,3.0428342258185372,3.009867547549623,2.9725856734280294,2.924224654558978,2.88226148188562,2.8731041481397894,2.8334063684303628,2.822398232456751,2.761957212956437,2.759739129172687,2.7020852391303984,2.691346877404016,2.6868239528237257,2.6558746092783414,2.639796651177933,2.599327754305644,2.5915327946136797,2.5618737471777533,2.5521928572121158,2.544399923428166,2.5203031297116114,2.5307761365286257,2.498479684782163,2.493088668513264,2.476349150169192,2.4712905064358957,2.4406881148329695,2.447771773366282,2.401147680500316,2.419433696020287,2.418737193925699,2.391994941544745,2.3844962103255436,2.3561804299729316,2.3579646639240637,2.3718629675271106,2.3405179365499267,2.32644499748276,2.3185862159008397,2.311211236714742,2.306611243877709,2.2962780628059964,2.3070244531179465,2.2812793986628086,2.29751374388655,2.276106336119117,2.264054371977168,2.2444558078249375,2.2589792760349336,2.278406773121657,2.2640601675374397,2.24608719519463,2.236302002849885,2.227395079787644,2.234532881477868,2.2343532747339676,2.255801259224639,2.2457575850659905,2.215598739363167,2.2116650999223446,2.216888213736813,2.221102774019303,2.2442978915432654,2.2201580393278517,2.2208638344038376,2.221819098418948,2.230437081390599,2.2406695455988506,2.2573001688395693,2.2468307696025027,2.238841511526598,2.238184994078076,2.2403858778751893,2.247993755979243,2.2531051470435015,2.2427939952448153,2.2322668077291303,2.268327238310391,2.2778043332059466,2.2776786223564622,2.25677194836761,2.2914526953555274,2.269512473055722,2.2810571939414284,2.2843293494455685,2.292497790443492,2.312261126958471,2.3073926752854943,2.3305886309653605,2.3208867744484345,2.3412687043401386,2.3613104213799936,2.3442001599954443,2.3665623371029825,2.3675270663809767,2.3971515583825957,2.4037302611270244,2.4075615349378867,2.412630747207655,2.423274434825622,2.43910557644277,30.00422628187404,2.449798806893159,2.4514261322902553,2.498957989387457,2.5027077511377973,2.5118480824530094,2.5470040480377616,2.548458160781052,2.573370096854916,2.582464694721524,2.6032817277390516,2.6076255953454157,2.633056588504366,2.630272117357576,2.645173939051248,2.673529822787273,2.686613749492916,2.6977622759921003,2.734490095799759,2.7409408557898685,2.7649123549083416,2.78520136848187,2.7995885599753665,2.8138128656876487,2.8357579173342935,2.847542375574822,2.8779697096164036,2.8998550707832265,2.953166893421693,2.9294201632663968,2.9867223633367073,2.9994251554223803,3.030383446418681,3.051210068258621,3.0696946773487603,3.0975485565968714,3.111683333380629,3.145462155124502,3.1785509947842288,3.203724447435467,3.235959494713465,3.27177255204567,3.296270590181941,3.3007649427946038,3.342829312061581,3.350636315802436,3.3946202891756827,3.4335563936450044,3.4446280335876063,3.508086171105542,3.5128507062190586,3.537655763028467,3.5842688033354437,3.597848145902458,3.644438383156797,3.6640128400133913,3.693749283536884,3.7209156334771025,3.762567628281884,3.797985341709527,3.8415591501557116,3.8463377322356993,3.891689644321169,3.9071394679113847,3.959429547815999
5.1,-0.022598317883966122,2.0,4.061437838822194,4.106073527473496,4.134177128462134,4.155347405418416,4.191144990704376,4.225141337256306,4.261337897892805,4.303577035668854,4.356673610298134,4.388913201518661,4.414812259606086,4.438876300204872,4.488780379048395,4.5179183323444185,4.538049559447853,4.603716969286505,4.636320912241286,4.675136048181244,4.695324313272622,4.7499425323963775,4.770493546096192,4.78584670800009,4.807387141411542,30.006614248269184,4.870933494542476,4.908952075766976,4.950919333616192,4.989675920053731,5.049153252300454,5.029568256217002,5.090221132888803,5.093702570732444,5.131870549508243,5.194462417156506,5.191365970215271,5.243855142358906,5.2482803713558415,5.2807153401323985,5.292839169911493,5.321596541658864,5.341676839366222,29.992926397240442,5.375321826895564,5.429717334623057,5.449394946075314,5.488082481364464,5.4909637191254035,5.522682878074284,5.552974472018242,1.4404045675769543,1.3949790171640977,1.3144600588180406,1.296179820858018,1.2614038792153213,1.218838845094135,1.1774900164058109,1.1777103668964046,1.1599328957405401,1.1265158333524161,1.1116743232658686,1.0916131279713501,1.0612023786813554,1.0855627318081404,1.0682131209670895,1.061647526151022,1.0609011517982017,1.0154687131942064,1.0125715386752088,1.0110478636332605,1.0146614072429778,1.032446947305636,1.0255141619409311,1.0135486290313163,1.020714986750708,1.0089491019875334,1.026005041134403,1.0107998889142793,1.0131724431474374,1.0165931629748126,0.9939872670036382,1.0208073881551596,1.0319931417563912,1.0243550437467488,1.0375713478961754,1.039304576854288,1.0528131804253387,1.0478198531196654,1.0702985872627337,1.0600416604869125,1.0974221667351132,1.097027547760101,1.1146511677070803,1.1305006146871823,1.1529318326330908,1.14280391909175,1.1799635666570243,1.1957697768313889,1.201688130526211,1.2341745806954245,1.2435417798391577,1.2619731027304744,1.2981537328783255,1.3116249587755848,1.3256803610851364,1.335725985665516,1.3888341572111145,1.4117959191644855,1.4599975605957676,1.4803002352497674,1.525096486230219,1.5567280775601826,1.5931865606164164,1.6254758482077434,1.6708816052004454,1.6940418170941625,1.7679150530147694,1.8442870171434185,1.8903360043279351,1.936705785075177,1.988539412719559,2.0790855320068005,0.7803597866087618,0.7651743080225765,0.750792972048918,0.7371627404479182,0.7242353398724268,0.7119667471807946,0.700316740399571,0.6892485057886748,0.6787282930171793,0.6687251117341094,0.6592104638701454,0.6501581068760492,0.6415438438261665,0.633345336917717,0.6255419414006174,0.6181145573957864,0.6110454974164129,0.6043183677080345,0.5979179617787587,0.591830164708249,0.60607958768308,0.6259858166288722,0.6474480547700187,0.6706458463432478,0.6957876484240093,0.7231168852134956,0.7529195904388749,0.7855341460784272,0.8213638203941167,0.8608930912264333,0.9047091584111158,0.9535306775046114,1.0082467104549775,1.0699703985383477,14.492994295411748,12.968704557927515,11.735454577689113,10.863698526342676,10.003522299705004,9.379137796385045,8.71167187474055,8.228131147332997,7.7278527474385355,7.363930966193533,6.967250773492925,6.573176019365275,6.3554854456806265,6.0220701023213135,5.802417963840019,5.572189626280387,5.410155250962356,5.165240793428189,5.004970066016249,4.849135606970623,4.6714783084048825,4.552430504560909,4.406365314858016,4.3026340092892,4.174469608105962,4.084321936665494,3.974058120186451,3.88840779489262,3.7740677734298855,3.6981809653262463,3.586949951938671,3.534952205971816,3.473368078610113,3.3864193578355573,3.3634253259579987,3.289402107312317,3.222205070748076,3.1889956911405237,3.112030570536457,3.0670672382655377,3.005395429253463,2.97144379222174,2.9191919979699494,2.881757020576132,2.8558577294372047,2.834764413411428,2.796337580072447,2.7495607503002475,2.7058292042572063,2.6840582251252743,2.683756121723524,2.6276569506733956,2.6142701555650354,2.587921854831047,2.569256850497415,2.559188141704927,2.510765135429688,2.506348848192508,2.4755318563948268,2.476314075685923,2.4633136160998146,2.4551810156770637,2.4082559121877183,2.3950442748916916,2.382756597346174,2.352969615981185,2.3729826371239375,2.363908629536044,2.328702315496707,2.3295974449941936,2.3343585204177097,2.315594587678498,2.3126109901596514,2.2921963085586,2.304044106759896,2.277979070308517,2.286510819531806,2.281278216328579,2.2771673429210293,2.244088953611647,2.2470191820254417,2.2438198223297467,2.243988283982342,2.240363846967853,2.239919190768653,2.218251560636198,2.2297109393303756,2.2316456506538636,2.219299328595919,2.204395796700649,2.218771729635911,2.185640905115457,2.1905554491241768,2.22787880094669,2.183504658044578,2.209006585230747,2.2012604823028963,2.1763353326771195,2.1890412960104477,2.187015627676725,2.18132089015136,2.1728500312988492,2.1930325017843004,2.1825343920801212,2.184116109637313,2.205928514816507,2.191920649730583,2.2019535757039717,2.1859870464395064,2.174601238678585,2.1973666851560782,2.1917470966990646,2.1931266952026753,2.233133759586409,2.2273436201195516,2.2364458164672136,2.216865323118023,2.251465911979941,2.221196015662057,2.2447668621541217,2.2744268340532163,2.2690354912128874,2.2607250762634745,2.2907442385837657,2.2816405545820118,2.2949636739513903,2.2517896753013056,2.293906817167692,2.3112872270392475,2.3308733356049474,2.3168596912252215,2.3436595355892225,2.3410646884127426,2.3702892043654917,2.370201467120062,2.378230425290359,2.3999494881683185,2.41816080244912,2.4104026408220545,2.4066654738949587,2.4163730873063436,2.4538325818125806,2.4561002116622808,2.495172912448823,2.4941697308373314,2.502764016296772,2.5353764681130055,2.5684027270656093,2.566666942365203,2.5530952233305415,2.597507818689607,2.585657564030831,2.6334479349353446,2.645655853227994,2.661673427736985,2.6511195758347466,2.687151319478998,2.69650103460637,2.718422696258359,2.755996017861264,2.766074534954016,2.803698360350455,2.807827550677515,2.823312971235511,2.8638464733286892,2.8700310849923634,2.899036648343855,2.922569137494218,2.9412567146689255,2.9991772135415564,3.0097395374705416,3.004338677645157,3.0445913214717333,3.041030022128388,3.127995552067096,3.131228619052981,3.158575388182708,3.178418364239852,3.22767481835717,3.2283438397146766,3.2783150539312587,3.276595891826681,3.320787113102393,3.353392048435695,3.3971966197163517,3.385398426289353,3.460357963006837,3.470230565855544,3.5090699389557285,3.533452818408717,3.5778044535845064,3.5952780991004967,3.630735941035674,3.6732823925840825,3.703308687732409,3.7353213884921077,3.7791384606311977,3.7893475595734976,3.807160220801442,3.881626187848738,3.8867719550108024,3.937230172421632,3.9661378336701283,3.989308995374005,4.039289262599872
5.2,-0.2190273989235775,2.0,4.227581188156791,4.261331815254564,4.3144762860566,4.358633774669871,4.36569504851335,4.420619733234357,4.454959253916981,4.480925468436822,4.504959993003251,4.567438265141097,4.574463687739481,4.613998288197554,4.660497342037505,4.6870074289815165,4.729716371407275,4.771573244855892,4.81487029277878,4.843269974013007,4.858714727242768,4.908006131123506,4.956941768515111,4.958553651423027,5.022224998154632,5.055755607559521,5.056288507211118,5.090275702159386,5.147457776691672,5.131227250862296,5.184646836683414,5.231550019775622,5.2541367796599,5.253587177939023,5.293353324394372,5.324569969638899,5.362920353177386,5.40273802613979,5.3909921290592955,5.437489299467382,5.456150831656044,5.482257163600166,5.5189557736400126,5.5404309049366205,5.530021950825033,5.570811965163658,5.596147200844218,1.5431451968549093,1.4530064992591334,1.3826373102161513,1.3007150271930426,1.3039634358802052,1.2740541340621183,1.2486269324183827,1.2236639772937805,1.171371169132084,1.1780314580529565,1.1638578096033894,1.1621896637113172,1.150120447956184,1.1424216091729453,1.1173088782468918,1.1267723310831042,1.1122003920649735,1.106610017564778,1.0850776210844058,1.075661402150128,1.0808370886991874,1.0484687176782244,1.0769732380620907,1.0511414219055566,1.0569032063458552,1.0618737542919103,1.0859263443482967,1.0613280077042833,1.0653397933272095,1.0626547288404062,1.0743135312101442,1.0616331735390243,1.0810819397684146,1.1024538065892748,1.08959382211442,1.102312951427012,1.1180881142117367,1.1238899912086968,1.1263200979483492,1.1472680664673607,1.163627666866967,1.1518802077289034,1.1961825555204821,1.1793251738030428,1.1952969348733604,1.2036889840675769,1.224654627814606,1.2542427431964576,1.2640326860049693,1.2717871461021528,1.2987030184892345,1.325989740989684,1.3506146790389495,1.3385117535750863,1.3670107432137215,1.3846893985728406,1.4284571644234931,1.4413120476825483,1.4346322379427892,1.508144831493848,1.5137216087232521,1.546017094657003,1.5688603260863219,1.617936130367266,1.6596772835639289,1.6814008932201674,1.7375035847586218,1.7917015378429333,1.8214684870288969,1.8565173805803696,1.9158648355405024,0.7523406045680384,0.7351411489031798,0.7189246966691383,0.7036180212712994,0.6891551729771955,0.6754766046265934,0.6625284207259393,0.6502617300946198,0.6386320857928074,0.6275989989189713,0.6171255151707473,0.6071778449320061,0.5977250391715694,0.5887387046850422,0.580192753235383,0.5720631799931788,0.5643278673781451,0.5569664109861955,0.5499599647730895,0.5451858282801169,0.5595091596397148,0.5747852902977253,0.5911041749306158,0.6085676282150623,0.6272913379006596,0.6474073026102576,0.6690668027078045,0.6924440453521852,0.7177406692295791,0.745191355170413,0.7750708728803712,0.8077030117349246,0.8434720107189463,0.8828373433093774,0.9263530652482596,0.9746934571601409,1.0286874883643684,18.057731506645336,17.239009359005333,15.661940391411386,13.812888411279362,12.555168019361274,11.360622353902057,10.491207220811907,9.641202197554213,8.92335987589944,8.398155403877483,7.84672506290082,7.44356429833985,7.0022440739494565,6.693491658619237,6.351977178427353,6.068294726022155,5.810462692912416,5.533889544720397,5.326649413283655,5.140967055807627,4.95820010891944,4.790067717513094,4.627455416986639,4.457618187569482,4.349843144949552,4.224454094461866,4.0824800129390795,4.019809811737273,3.8831703992469677,3.8040793832695434,3.700215308520454,3.615155954479625,3.535593934022625,3.452497022354366,3.3794578383389937,3.321854059939529,3.267788310794698,3.1806926904669695,3.137294029526341,3.067105110845545,3.0239473357596083,2.970637429446018,2.9270454469268183,2.878891770315842,2.843541451449682,2.7951564853841306,2.7870369459794753,2.7122701097739137,2.708495362452027,2.656644078837483,2.614734434994268,2.591637667677393,2.533866968034501,2.5297282994976715,2.5079711616871876,2.5023679148581808,2.454298410082823,2.4509382697283804,2.414184654060099,2.3733372876003354,2.3898258204186145,2.361000443562902,2.3482985131263914,2.3500913074836407,2.3230351917359795,2.2785702277156386,2.295532516728426,2.2728495624262735,2.268470146952112,2.2523526202746473,2.2633225830524824,2.229128402450241,2.2248684155027827,2.2432233280735336,2.2310937810800433,2.1880672247168214,2.2147309577805605,2.2002826910592943,2.2000377670237805,2.1894629203438947,2.2070070367721693,2.1791670011339455,2.15660523884203,2.1521515115406262,2.1920817854681607,2.148431099689357,2.1555546801826724,2.144389460919393,2.1458548882808097,2.1419521833611936,2.122745541873939,2.1509383755637215,2.147992096143038,2.1499066757963807,2.126921915694288,2.14249276095223,2.096924608013649,2.1574777670913683,2.1362870071470734,2.1489171204586888,2.148072404215227,2.1471913875732342,2.133349231868015,2.116383570896745,2.1220028268140743,2.1177895288282134,2.1184025305118572,2.1496086987208742,2.1464866140885044,2.1273692137038007,2.1571015496545716,2.1651055426058345,2.199675200635582,2.1733451964548123,2.179556847011948,2.2013264152446945,2.2053697941930226,2.1891051147551033,2.2055649322780866,2.226857319768817,2.2081482106213106,2.218823586713141,2.254483712476187,2.2588783225076163,2.2421702133074732,2.248253428320039,2.2675861805059148,2.2574142137680915,2.296392344809339,2.2957313327801936,2.318338393395933,2.3047384631347403,2.3269917804958857,2.341679736676324,2.3422530913130073,2.3561772574968236,2.36728595384111,2.387392193209424,2.393350182268727,2.3931944432292687,2.4251252344444567,2.443794153771819,2.443008401601163,2.483662449334621,2.476664671987265,2.519069296153366,2.503475299401623,2.502273602878639,2.5714490991446564,2.562315370136239,2.585300929574967,2.5956774728076435,2.6316680363110376,2.653024255695066,2.671453911775419,2.6792118156817586,2.6981242487841826,2.740013668065024,2.7759848338017696,2.7635087714735134,2.803808709963552,2.806593480399302,2.8152959185027506,2.8258422045154936,2.884654058724765,2.9097217981371895,2.9013336488282486,2.9345921334732195,2.9898298815686326,3.0195161371196946,3.053454692635504,3.0653123746619015,3.122037109168648,3.093844410565853,3.1311839038310483,3.1673276931863277,3.183937082376974,3.2213218161083774,3.247985074635732,3.288304749414565,3.3065324163589613,3.3329642350437396,3.367102342219376,3.4175264048464364,3.4514491932109075,3.4689034406010397,3.5127940037103325,3.546018534058372,3.575654937411361,3.590169949290321,3.6356333924025783,3.674382170282706,3.678982432501572,3.754911457704349,3.783341556496588,3.8205564379423422,3.83081172275052,3.8779859490239406,3.8914230563815506,3.97074466252637,3.9820261592034645,4.012391514211311,4.029979937279306,4.075386686166012,4.140808027997079,4.194275362407735,4.203917460457287
5.3,-0.14718335020139967,2.0,4.343843145662271,4.356421772973177,4.427216835012958,4.438122947577123,4.488739154558204,4.5326145310460015,4.574664966086431,4.595829232031062,4.63824097728864,4.689849649608386,4.7330343441296865,4.741544003935165,4.796528679343112,4.833357960750295,4.848178771688198,4.909845991189463,4.964336699000731,4.972245831720065,4.976324635875024,5.0617382868267145,5.055536012538137,5.100281629002164,5.138397672338287,5.168538984800996,5.212521723284639,5.223237474007282,5.255606157064381,5.312989275690688,5.319318942759823,5.388911007361184,5.38588244824388,5.419498182374896,5.4376809050226935,5.441198150540324,5.487041692607356,5.526208881376536,5.549519996370816,5.57180545887247,5.584728707857399,5.631786559927722,5.648920082959215,5.670621608651289,1.7163228850678307,1.5463010539977513,1.4757506031313128,1.455355826295482,1.4074927857801267,1.3518202805752637,1.3347454746089564,1.3220546896342371,1.2676987179054235,1.263473171230527,1.2544711099503552,1.2645178532818893,1.201297398114874,1.211887154707135,1.17345343444274,1.1902399404361819,1.1627099802908878,1.1656763021604597,1.170502495927491,1.154466674522923,1.166073463994426,1.1536617291739266,1.169402587899011,1.1354940828224147,1.1188424755160211,1.140292172614745,1.1425492574441503,1.158294125294032,1.1616280659437395,1.1558265978874716,1.15715563590618,1.1773936292492209,1.1660313429817946,1.1899686865898844,1.1737218001790977,1.1838246952025895,1.2011663672610666,1.1761960181518676,1.2091951920161743,1.2269139558694915,1.2320513546393157,1.2217414587862818,1.2452752005264138,1.2545341913428922,1.264645776549416,1.2792598306390452,1.2730341200134783,1.2863103070061868,1.3026779423196053,1.3250871872770105,1.3492602258080995,1.3407325413565103,1.3924218059793732,1.394995328743473,1.4080856973263118,1.4178275114529233,1.4543829863086863,1.481156664853998,1.479563064838926,1.4999024825618241,1.525614203449863,1.5637463558619507,1.5885585329954457,1.5970229009378496,1.6410051189527655,1.6561173686252395,1.6999020794121635,1.728936482474616,1.7636322613605524,1.7939649601685128,0.728817286720165,0.708833714846649,0.6901214476870698,0.6725714058924785,0.6560868029999734,0.6405814682089013,0.6259784367118603,0.612208759088426,0.5992104910610146,0.5869278325343285,0.5753103908137202,0.5643125476101879,0.5538929131798559,0.5440138539315291,0.5346410822326519,0.5257432990780458,0.5172918818543608,0.5092606107113713,0.506699970944368,0.5174020792014463,0.5287306179280626,0.5407348024096874,0.553469303994678,0.5669950202644883,0.5813799797436494,0.5967004093752315,0.6130419999650251,0.6305014137774834,0.6491880901080509,0.6692264198663382,0.6907583802408003,0.7139467471419803,0.7389790388378104,0.766072392584932,0.7954796423267877,0.8274969573239345,0.8624735303201244,0.900823986822589,0.9430444509220737,0.9897335895645701,19.12662784886559,18.812227058409444,18.384628491807458,17.823479351670297,17.178283058389894,15.252033316974149,13.675237476324194,12.18282554322276,11.165920365256477,10.145801505647599,9.444228645139928,8.699726241262798,8.077258369535949,7.627306142002684,7.175824599950639,6.790347427745377,6.433546420851561,6.125378146430421,5.8525070929217975,5.614584246543167,5.341083201030177,5.131080008137263,4.947464829895024,4.756683785351403,4.604522645071535,4.441062113392368,4.306658337557078,4.16769519877936,4.0736348481672335,3.9301856381959257,3.8013105406322167,3.740349921873299,3.6353410421847814,3.5412307678953914,3.4683780376716,3.381889229777648,3.3021433741501043,3.242031921746566,3.161757905008679,3.1079391043777584,3.058370890237195,2.9867450106474505,2.9304506706641686,2.8759295717310667,2.84235134436191,2.8158959972923006,2.743072321573773,2.707911531047357,2.663520005801914,2.63917074983939,2.6065596118492533,2.550359686064931,2.537691181943126,2.4977904579842067,2.4952854188222533,2.4617282755058243,2.4159060276213777,2.403431520247384,2.385570957086158,2.3330290372031675,2.3414822492914467,2.309713913426451,2.2984095103473456,2.281457948349317,2.250471127557029,2.2572690867417298,2.225102527980944,2.212151186300586,2.19406961266556,2.2037220191500744,2.160377154357153,2.1726060940303555,2.125519764275232,2.1469668436556755,2.123036726040128,2.1135546575503517,2.1012745453124064,2.1061261088158365,2.1078725434149748,2.0912119663912065,2.0896155636010203,2.079249815829737,2.086747056134383,2.079000113251558,2.0732283377169236,2.0769664273701984,2.0800519381096065,2.056698019577313,2.050320883454669,2.0932724258043236,2.0753561808840186,2.0651372206024723,2.063649362016127,2.02797253357639,2.0829945933173524,2.079280562859391,2.0342778222454756,2.0790959696549924,2.089891996093515,2.0806659991914893,2.0515063674010814,2.0700771341608406,2.0614240415055183,2.046643802016297,2.094334449699416,2.068678566229917,2.0698075581625663,2.088706185864794,2.103064994120276,2.0887082800904944,2.10585689873816,2.1092813075993395,2.1294084062219345,2.109878260250151,2.119117452508906,2.1170132266473822,2.109097824717349,2.1028991362598606,2.1457369454093342,2.164232086379405,2.1589114478799534,2.1596707509676603,2.15984472223325,2.1808809420711066,2.183347468927179,2.197634998435186,2.2174859549878065,2.225335126354665,2.2290855717628864,2.2242757092470096,2.2380473933310867,2.256469619497371,2.2957482752275067,2.2761459352211557,2.2975071625884063,2.3113886203652454,2.325805089395892,2.3444176085124275,2.376278647250221,2.3715807442202324,2.3857330110543873,2.410699356520001,2.412836534622285,2.4371691500423567,2.4589506736596265,2.4677244935486105,2.487958432865041,2.5031789993839384,2.492381242104518,2.5286071308707063,2.5520550706216714,2.5745868651185684,2.5737003702238264,2.6081125710016924,2.649748392445535,2.6799540456510607,2.6803594925999294,2.7071656481650455,2.7382107217213227,2.7560545185190377,2.7791337392156072,29.99428314756728,2.818891924538342,2.840551805266639,2.901967436628405,2.9221097706047137,2.9359680771531718,2.9502344474259083,2.9771691606377972,3.0076284184112985,3.042797739064796,3.0584901618471645,3.0829215979131783,3.1113948612395097,3.1473461545815034,3.173259728091022,3.236213693076782,3.2482857358387087,3.2725167332051446,3.295831835436632,3.3384099842156365,3.3788072607291046,3.3991897314829562,3.4360251110904274,3.4506254426419565,3.523639174857976,3.567651563728387,3.568886466335035,3.6087974649657646,3.6440620721765384,3.6747423006649096,3.6833278059272936,3.7325585864326696,3.7796540400804663,3.8302143006059928,3.8682131855613497,3.878655873328887,3.9219910639643847,3.977472021483185,4.0188658796718375,4.058111878698074,4.091146250135481,4.104549220485073,4.159182389413124,4.198134891263334,4.232392726076125,4.268755854397951,4.321316616878152
5.4,-0.08229020715091445,2.0,4.330954492824247,4.363152533668955,4.391188656799476,4.433937485534026,4.490827797602746,4.525945173515664,4.538600376899733,4.584359616033254,4.627066011457871,4.658957092808065,4.719286614799058,4.753174341128313,4.804113280812536,4.8198920076449046,4.8576759503032125,4.8983036868357575,4.928707567049757,4.952344261333273,5.014202607989186,5.033073760317849,5.086750153676547,5.11971432124101,5.145947998333546,5.180706759949323,5.219349031840318,5.254492547290666,5.294649955338724,5.3496873809935135,5.344386368188228,5.392382239812327,5.401310014840468,5.444094636429929,5.465676866466489,5.519874852114719,5.521050667753152,5.548673088839266,5.58750774421579,5.610316281926227,5.618745348423492,5.66107821809347,5.6619706718826315,5.711951109323014,5.707455227161638,5.736470035167629,1.6383237609691366,1.5463205800056876,1.5128898765637862,1.4523347309074004,1.4243621982149126,1.4149334758415042,1.3712220408300018,1.3556271883732693,1.3559975846377812,1.3155965890954353,1.2745270181561772,1.2965737366030046,1.242166367065088,1.2517833104690157,1.2265674782404978,1.2441120022891559,1.2459111587137615,1.2189990564814963,1.2132848998950376,1.2026133962444305,1.210316585269048,1.2071397399241932,1.1954993185697012,1.1920116847420745,1.1829845932456502,1.209710209310528,1.211655607443714,1.2194630607479673,1.2299339745767084,1.2134679969115432,1.228546543100774,1.203584628048854,1.2305152531883763,1.2328877987623428,1.232599987593589,1.2596979365048124,1.2426660681012978,1.2715569351874274,1.275632130511466,1.2668115092433314,1.2902757814164054,1.2614597934880596,1.2926653575514644,1.2990630983393132,1.3029574254956207,1.3184800753812211,1.3413086257268345,1.3292122941278142,1.365751036345572,1.3521158580191406,1.3714969130010999,1.414308401488241,1.3973109847038427,1.4121320703464582,1.4494073370029945,1.4602992023413177,1.454847817885025,1.4913297782911918,1.50668448534182,1.5021884162165862,1.546331385093812,1.552123458153417,1.612185859488621,1.6105170711379468,1.623361914763297,1.6453881511396784,1.70108629930037,0.7123503135780992,0.6881533740475076,0.6657424660747144,0.6449355488614736,0.6255746521754924,0.6075220318380069,0.5906570394536853,0.5748735562341126,0.5600778757884862,0.5461869468477706,0.5331269065115722,0.5208318494949834,0.5092427902419382,0.4983067835525756,0.48797617619194206,0.4782079672809723,0.46896325946943856,0.46020678621655936,0.4608982631940532,0.4689598421174571,0.47745653449277425,0.4864177554048298,0.4958757863021044,0.5058661258209478,0.5164278937198629,0.5276042975306712,0.5394431735729477,0.551997616518054,0.5653267148696038,0.5794964137329717,0.5945805313224612,0.610661962128464,0.627834107979443,0.6462025889841575,0.6658873003494592,0.6870248994745497,0.7097718321114481,0.7343080389957923,0.7608415283944219,0.7896140601159207,0.820908269466918,0.8550566754774026,0.8924531816358486,0.9335679126119649,19.570037717785688,19.361118510058148,19.12583324760335,18.79600996002283,18.486499190863437,18.01097323128234,17.481755537685846,16.51775353435181,14.646157934778751,12.848248154298687,11.475962028398675,10.546456853038208,9.597514734113863,8.939385083405467,8.26139093895603,7.751739885226997,7.237550145530043,6.901429011825099,6.460776856250318,6.129039534041434,5.845506452231345,5.570147465042688,5.326776928933931,5.107719273050751,4.906293252443936,4.725161239111463,4.565470598036711,4.404935437538938,4.2352504650877085,4.124929738535631,3.974922820698989,3.8719942721413583,3.7438183145197383,3.65986137764949,3.5576420153456376,3.4593250902299784,3.3775235348283865,3.2949151866841966,3.21820672486967,3.167465913059408,3.1015159059004658,3.0551466324447203,2.9883912148061396,2.9052756733241827,2.861094945475468,2.833672021202788,2.7615541987784584,2.726102435037353,2.6743853429652433,2.6459792027667426,2.602982203081987,2.5588882251634777,2.5114496340784807,2.4956540938427993,2.464352601775435,2.438519493233172,2.4157747443291675,2.367288590816277,2.365881436534889,2.3157577270387057,2.3023776624518715,2.293254329747943,2.2680348709461566,2.2422551400644752,2.1982846747153655,2.189858224509104,2.1654830056911725,2.1432760801805357,2.1392245487368675,2.1326189955516304,2.118640544765157,2.0977832042612214,2.101713309714469,2.077986123119706,2.0694919956937703,2.0796540691301537,2.047273823622039,2.039729575467774,2.0475316887844452,2.0171349257224076,2.036802026375567,2.023140392771253,2.0379292891531637,2.010572456314415,2.0162958769702093,2.004191211652241,2.019410727359268,1.9788248561570554,1.9899725822922567,1.9862091779186761,2.0002282770940547,1.9940870982749332,1.9926615956362386,2.0017454010876112,1.9973193785553778,2.005434733175406,2.007397211001475,2.0187996044353542,1.978469973212366,1.984639533696986,2.011573706660095,1.9952581685809463,2.0072125810151595,2.0004469447824746,2.0355309703773514,2.0015676686945048,2.03016191878473,2.0245496292953993,2.0226137928912804,2.0334195285178933,2.0456053051409238,2.0632860209675448,2.0425572883233807,2.0693550182595586,2.0634107740128655,2.0753829846802527,2.071711403649159,2.0885323220400736,2.0697395465662556,2.116089116346774,2.1177947123345473,2.1204033852407562,2.132792824393608,2.14233523433033,2.17341971081367,2.1651714215110216,2.166343027330442,2.188820235154577,2.2017738590058866,2.208209012074551,2.222294145141515,2.2474034803471246,2.2363173164710526,2.256043243815974,2.263556474513361,2.300130388180376,2.306150696650121,2.316536261162236,2.368967683081203,2.360878810647768,2.375104484337719,2.3923291656638495,2.4104526442201264,2.4279179098008097,2.4272078329782993,2.462653474673899,2.474814347543632,2.493317861745304,2.501984468499755,2.534238561364068,2.519838790548266,2.5599289585302523,2.6033680436931714,2.606574277400197,2.6362064483371133,2.6727978441522895,2.6869396448937892,2.705181118943981,2.7220839268616253,2.740749812992669,2.7685137358029395,2.8362191753756805,2.841659434753393,2.8589534132045875,2.903335270837497,2.9287132968249017,2.9612092718174527,2.971547394802411,2.9930711098836174,3.0525676032120783,3.066272250625276,3.0687786752430757,3.1109523023152885,3.153568797621131,3.1937839443750318,3.2207291355539533,3.257902871129713,3.2813874779037557,3.324174608694075,3.3608918766895104,3.3745789788094935,3.442167014255798,3.46058728611841,3.488449132974649,3.532673122853067,3.5758073637361196,3.57445239747117,3.630145809224503,3.6394649162744677,3.7239246204741994,3.7303991545173356,3.7621402920208045,3.8294956602226025,3.852648971181703,3.9018896681321977,3.9415794657740024,3.9806933015981567,4.01650946165197,4.067496823987651,4.103281641309966,4.137198532979727,4.155601815228689,4.217596321468345,4.244411403583882,4.294271713384386
5.5,-0.09827013169200569,2.0,4.493211651851105,4.538703476466254,4.5774140546000375,4.595600867465961,4.653221321690853,4.694147332401893,4.743558819540868,4.777372820420003,4.844855463487655,4.873564534183179,4.896540476629906,4.960999400658059,4.9843251391947705,5.016983523322224,5.058903025706999,5.091774437852237,5.148811321543233,5.159755602879457,5.184892186389283,5.2366714269510535,5.280082398904492,5.326120482707366,5.356325452925239,5.366734678823086,5.409990035050487,5.443343670722635,5.4685413723077,5.493356425779081,5.535647564358142,5.57013768742467,5.581228306966303,5.61016586009,5.665379821721233,29.999009185101997,5.707050674080689,5.732157258279931,5.770477189552231,5.781277506072478,5.81588610413319,5.825231804777028,1.8144459236892627,1.7058648160091192,1.638147432580309,1.5753064698005832,1.5548977214401096,1.5073230768668906,1.4764045463375302,1.4627951913554273,1.425986999341433,1.407314382780699,1.3836563788538179,1.401585482090304,1.3379406313817441,1.3483241331113618,1.3190792444547625,1.3269662766483759,1.2960221094509758,1.300093896073374,1.301982747353128,1.3020099891274837,1.2938834434869224,1.3010715759347053,1.30506034432955,1.294646207790834,1.298037344648796,1.3076553918222487,1.294970031255784,1.2971072414308469,1.2958998360474279,1.299961131506794,1.3049601443548422,1.305406933448389,1.2844298981341127,1.2990142701007823,1.3079457653245081,1.3064993535892484,1.3180855245233059,1.3007903377981611,1.3200506356628334,1.3101002150711758,1.3410292160708888,1.3537005046722554,1.3268111842086394,1.3464032967779795,1.3613557879166056,1.369429715822606,1.3889457613105667,1.3745494390533446,1.410355510819905,1.4045442149218352,1.4180170007310966,1.417888303810636,1.443315767561739,1.4582900357289263,1.466089248065838,1.4897442658535172,1.4857659473146245,1.505644930684935,1.5154312881051337,1.5479966794040205,1.552975318504754,1.5781827382784828,1.603397590704951,1.6092802935534216,1.6396667037401695,1.6569114214662484,0.6649017887772503,0.6370613791708553,0.6116375996579567,0.588337565621334,0.5669140071813974,0.5471567279520362,0.5288859138761242,0.5119468409132346,0.4962056518922577,0.48154595875185296,0.46786608791152123,0.45507683110417146,0.44309959668161986,0.43186488060893125,0.4213109944661503,0.4234036390757508,0.42905297906639894,0.4349894566584792,0.44122885555138075,0.44778829010359233,0.45468634133266694,0.4619432102607563,0.46958089122457886,0.47762336823164536,0.48609683800158626,0.4950299640042617,0.5044541666223715,0.5144039555601962,0.5249173118360781,0.5360361281907877,0.5478067185898181,0.5602804097891241,0.5735142307936918,0.5875717196276975,0.602523871366669,0.6184502571391214,0.635440351167199,0.6535951123959726,0.6730288795586574,0.6938716546023074,0.7162718705919231,0.7403997683955853,0.7664515442892904,0.7946544819250142,0.8252733524258986,0.8586184638756328,19.910498379624705,19.782182173459656,19.650629208449438,19.484358090265566,19.255030681711485,19.092086562030367,18.77232789299258,18.46259189084379,18.046892428505704,17.593919903507096,16.916599321743277,15.049581336601072,13.419632097513798,11.856536640214257,10.824694554481804,9.756431455208158,9.078166898844668,8.332399430325422,7.813382932607732,7.264513705544241,6.793445861164235,6.458583666353287,6.090483693186994,5.8017608281386925,5.4925718350961,5.277996740032566,5.031394794941366,4.8636876229079995,4.637393798175407,4.459250772113924,4.318102043719633,4.160747051260084,4.041152858998568,3.8928958858439855,3.8087313934348503,3.675442802473354,3.574681999204254,3.4846054590060063,3.3623070642548023,3.295559478774027,3.221633865393466,3.1507035910369074,3.0669260406332963,3.0224498329945,2.940901690139601,2.898387766132196,2.8481237776916997,2.7924715571933234,2.740564929724361,2.6791938789449157,2.6319412458089393,2.572205243870389,2.5733135804079383,2.5056370699478587,2.478821389989049,2.4502225564914863,2.418197229734753,2.3873885859839596,2.3620955890347406,2.3297453355469298,2.3182812982126806,2.2800254667765647,2.225832530698948,2.2189557848789896,2.1900895812842953,2.1692575071617077,2.153784750583071,2.1487726537830816,2.1159029495088557,2.0998552398770203,2.0798700365345275,2.089744168773648,2.0638043671793302,2.039787633982213,2.0312953389054647,2.0233893734196173,2.0128340539989713,1.9870275889769196,1.9623489505478202,1.995896494388127,1.9702983180919253,1.9557805386370515,1.9681626919714725,1.9402627645571688,1.952517068625299,1.9468979534976631,1.8939212238412817,1.9010270805305634,1.91091675898819,1.9066273465120602,1.9308638332592754,1.928286153750181,1.9123097537050266,1.8994306715239737,1.9103784488592146,1.9240780440811036,1.9011910676763162,1.9181616526217633,1.9124629940286646,1.9163896258963642,1.9260251190459379,1.929250172218697,1.9233898980570099,1.9298995574661373,1.956320074911203,1.950856708959997,1.9696233275929071,1.9340374979249946,1.9593978761787108,1.9829846971100134,1.9638868283442217,2.001340786575168,1.9756415738594935,1.9692354419900915,1.9936065096091515,1.9873451808071585,2.0068262383732414,2.0081444949245872,2.0164354206231794,2.04772181820723,2.0290342450548557,2.049717215882867,2.0835574135151878,2.072285088678357,2.081907193974902,2.0997311920144384,2.127619411968518,2.0890745259027708,2.1450016523100044,2.150518097481572,2.183184273775055,2.1768515044353753,2.1975251446353656,2.2013194408628562,2.212198647665378,2.2089488951301446,2.2308062177774257,2.2677227948696097,2.2983683223994085,2.2764638381770466,2.3214879447983265,2.3257312903734495,2.352318160114641,2.3689579110283225,2.3967587708989284,2.4360236371722044,2.4179772320218196,2.413846534205325,2.486819271565295,2.500111328097246,2.510163280671574,2.50943723623528,2.5555088971883264,2.5776484467531224,2.589517365392415,2.6134254651958924,2.6192188202560907,2.6931267630278235,2.70378056580318,2.690739070849123,2.741382710066707,2.774502360299268,2.801621584139791,30.00596940941514,2.8434101710778115,2.881084964503678,2.910822649030684,2.97083719883975,2.9754651412299764,3.0146736478782,3.0422668897296816,3.079296941879775,3.11025059174522,3.153671758258725,3.1803730040328877,3.2085660963591467,3.257618960852008,3.2684917529693434,3.3001132179220467,3.359050234365783,3.386406028296609,3.427832556950563,3.465143769013194,3.485142282813488,3.5463154078288373,3.5489626594001775,3.6145776750944396,3.6505597924747284,3.675442535685615,3.740672108996842,3.751763009754463,3.8035800429297675,3.84522287351494,3.8913750129740743,3.9146944718386325,3.951934603646244,3.9992699891089147,4.052447020273298,4.085251159271743,4.12276273328393,4.175120845794496,4.207958013188177,4.238383480024116,4.303373586390067,4.345132930900778,4.382301465008516,4.409865104620346,4.454620633749807
5.6,-0.1411797887222771,2.0,4.591294933813756,4.626119903617628,4.670615809827016,4.751396174219966,4.758728319504068,4.783071638904158,4.852275981158047,4.888174041301267,4.939353183135351,4.967194851029217,5.020643011892883,5.0657810789018,5.087565008956429,5.129559190879485,5.199579311703067,5.231370335920948,5.260036423746069,5.286170383622286,5.327658001144675,5.347283000720159,5.41446383873005,5.410611386681129,5.471408796560081,5.499164406866805,5.556108103487734,5.572333171314904,5.602757538746239,5.648618785515969,5.706112920522817,5.722836205057186,5.711881472247873,5.751777984513727,5.770402812000184,5.830792765311392,5.8393131363138195,5.871730529164993,5.881338079059334,5.89181011954568,5.911902415209158,1.9249440165205405,1.8032109773044054,1.7095580078199488,1.6273647104149516,1.609947293303131,1.582993231995095,1.5556674128264851,1.5361344180276273,1.4951599804841087,1.4566429968017909,1.4535665439740195,1.4439895548822606,1.4193311422313037,1.4129567899323194,1.412533159300818,1.3985035240530592,1.3894081940215113,1.3969473867044109,1.4004838073374604,1.3722662006302089,1.3860072154161147,1.3900073969570825,1.384946460658419,1.3819483795471557,1.361329756946117,1.3584279484488464,1.3580274427822314,1.3535797170986712,1.3514477527019335,1.364968164261333,1.368075494564277,1.3737953846016944,1.3665940082252408,1.3798459166823565,1.3780987731664012,1.3650751918292412,1.3819246127542049,1.3792841041743884,1.3766924690280657,1.376808696251237,1.365173059960649,1.40767726968043,1.3972576594075206,1.387069627451103,1.4001602471148367,1.4360193237994097,1.3963787635050915,1.3984275103487995,1.4470270443773205,1.4323724760827168,1.4672142738729206,1.483351658793449,1.4469537747341956,1.481692137612048,1.5087432597366368,1.512219190246914,1.5128669710001026,1.5213229218561317,1.5621055003237612,1.5541451256605092,1.5788679143022915,1.5964978830040812,0.6656693580666943,0.6264628500188204,0.5917881215564609,0.5609125279438174,0.5332533851765165,0.5083414760007391,0.48579471871325297,0.46529884340097016,0.4465929923516286,0.4294588403510067,0.41371227035352703,0.39919693068538376,0.3883704205815204,0.3919999199194421,0.3958196514751477,0.3998375951337673,0.4040623373359928,0.4085031214532558,0.41316990364167205,0.41807341485956473,0.42322522983447813,0.4286378438836793,0.4343247586304738,0.4403005778211591,0.44658111463890937,0.45318351213718366,0.4601263786835753,0.46742994062422083,0.4751162147599494,0.4832092036818488,0.49173511756287686,0.5007226266648124,0.5102031496230164,0.520211183549102,0.5307846831867836,0.5419654978241022,0.5537998764768419,0.5663390541050671,0.5796399344268489,0.5937658884070413,0.6087876919310392,0.6247846317984589,0.6418458163573746,0.6600717363425728,0.6795761334570994,0.7004882498736043,0.7229555524181235,0.747147052537745,0.7732573797992548,0.8015118162770876,0.8321725670713536,12.088177694443635,14.514185770434256,19.75280377014994,19.678293610642225,19.523960432940928,19.34830796169568,19.166505679331227,18.96263476445865,18.689071391406603,18.393031638518448,18.045945293199857,17.591763151112204,16.995274794591346,16.064845624424233,13.804245305279064,12.106038623496925,10.963290449573234,9.878024012084634,9.12706134879523,8.328160001042995,7.790817809075042,7.259638475264616,6.827491664167019,6.405783110004715,6.018497220706473,5.720577372836481,5.43911436796859,5.19330348310334,4.9599381681515995,4.793632045971188,4.567098203235296,4.396886158995307,4.233519241981399,4.0681347176515965,3.9570798514277095,3.8259188279272185,3.6925047179393045,3.6020789319020317,3.507332706833455,3.393677819853148,3.3113279416998544,3.2164659380176333,3.156693184534792,3.0859659141422155,3.0133222882957615,2.94499931031896,2.8959034385784252,2.8211476534767383,2.758428132976394,2.721021219735297,2.6589291624098976,2.5963655368882614,2.559075931094387,2.523650535402589,2.469570772805362,2.454188097288439,2.405071942016623,2.399437528852732,2.3316194170561504,2.3147177521540536,2.3017262734220645,2.232755959769813,2.214440878303203,2.208450011453526,2.168082171127546,2.1375115354998853,2.1385662813045214,2.1218103818209,2.0722428414206067,2.057613608532967,2.0379586036250683,2.016514227605175,2.011156351779527,1.990632418306738,2.0000754924070763,1.9954079700501137,1.966178829493306,1.930145244193959,1.932901951343533,1.9173569190353623,1.918060694938915,1.9149806323722351,1.9074008699457823,1.8826211951484169,1.8972711085957559,1.8779792372528281,1.8585091948203083,1.870789524365861,1.8684589489666572,1.858862015631269,1.85779367041517,1.8521672368617217,1.8348086574378986,1.8356180496805166,1.8482900604911925,1.8359917287921248,1.81684694122102,1.8233815547326848,1.8515826276710652,1.825634436720605,1.826072978543186,1.8341117049259437,1.8369364301646964,1.8498802129136478,1.8708882507171265,1.8709206461890533,1.8579482363151962,1.8648894869617183,1.891420322651761,1.8930588430581046,1.9063069840690798,1.899667271345785,1.9055261246797974,1.9182605701177122,1.9152446513337213,1.9221247124194338,1.9198753288406343,1.9497979305074542,1.9648588780430694,1.9622849586301914,1.9927649900037867,1.9911400046773755,1.992761501570922,2.026138641686652,1.9984834654703074,2.016337917437261,2.042632188973152,2.067322290608898,2.064554804500686,2.0923840115175243,2.0760678235448764,2.1028524574669554,2.132721664958124,2.1368313485215857,2.1547647864465254,2.1540666886648996,2.1846172134169177,2.2192319162935212,2.234997697249417,2.247840788858024,2.2451016206045797,2.2600807077218366,2.275031506047727,2.3357061107511354,2.346152696059617,2.3583680571648493,2.356931326848272,2.397508416226094,2.4160523376741896,2.4277809602304434,2.4629749441846296,2.479383561415302,2.4978919373328483,2.513258654176546,2.580062950723887,2.594841958873948,2.617796559978266,2.6636780784981973,2.6805670462503857,2.6944791783016195,2.7543764639155026,2.751180314073141,2.7678826940897268,2.8087525546133967,2.8398908800449814,2.9021853724363074,2.9100488801853928,2.9448976090063095,2.9808010066360873,3.021713508232091,3.02907296790888,3.0642709190846924,3.1197891676954232,3.163607533913283,3.1897157743363045,3.2362347144336874,3.269646794919393,3.3006617278203607,3.3118236932019323,3.3695587702697702,3.3959765009561944,3.43784040531807,3.4996405017056618,3.510689983517069,3.5739691078455187,3.6258844982281606,3.6658868136790677,3.683010858275294,3.732728768951217,3.7404865293807936,3.824010293637893,3.867713180613936,3.8977552700033518,3.9352737551788564,3.9746451527632436,4.025386713643181,4.095062330606978,4.092804531825761,4.162460588634584,4.1954456529376865,4.239435904776713,4.300784864461981,4.317542433300431,4.386299667989934,4.419612601446573,4.464069152104211,4.516841533007704,4.5418623381573076
5.7,-0.08981737552428821,2.0,4.70534821040824,4.739572765288743,4.779875207022078,4.827945657842242,4.875496447508814,4.928670635915285,4.956602180684886,5.0035326845751245,5.027477460521676,5.106272156531169,5.120036852768458,5.174026233875854,5.214475054642517,5.232782506252701,5.292602995271398,5.348972193740157,5.369619118060243,5.391819614092012,5.474548994597869,5.503051241793057,5.526240583733925,5.545306068611616,5.597546212055964,5.6264497929259845,5.658713084756646,5.71583669796282,5.7595671159809285,5.780687584212749,5.814544633726191,5.8569425719164405,5.840659473803042,5.892468503100407,5.915390279882309,5.926015784808713,5.976702347236983,5.987869120359098,6.018014591353851,6.0669027951404315,1.9916830607720037,1.8695919445228995,1.806372312287924,1.7460981987607676,1.7238671763265332,1.6794998862206836,1.6297022199887086,1.599276969486223,1.5976957792363842,1.568706740640505,1.5641395764548502,1.5339012360164028,1.527904706433839,1.530340193572714,1.5037209644147012,1.5181056711137175,1.5001945018620773,1.4821066181066953,1.4864901212182864,1.463108163290816,1.4588025984688795,1.4512737171475814,1.46517652550499,1.4672514467067392,1.4456269095500731,1.4343303957692102,1.4320535327286625,1.4445326700938834,1.431773024985997,1.4426273534414236,1.4393911559584132,1.4390283961676245,1.428711733263704,1.4377479497433399,1.4192953537098436,1.4403205945732247,1.4581495633880823,1.4573479103339069,1.4405997815759513,1.438821234994589,1.4411567954208484,1.457987831524959,1.4386042305911797,1.4456621213197276,1.4591804696299235,1.4599759082901702,1.4595134528747493,1.5077285493726056,1.4702217645646354,1.476723468063084,1.5040484505488319,1.5090693646626074,1.5374898542058237,1.5111368599371502,1.5321469443533926,1.542468637739563,1.5605326713577679,1.5711543988714285,1.5791828307189812,0.6042924651162012,0.5515575789545777,0.5074302124804259,0.46997321547300147,0.43779024036230757,0.4098493381460377,0.38537137501155405,0.3654661742010506,0.3675242416389941,0.3697189199975242,0.37205402181691555,0.37453366238474445,0.37716227851383916,0.37994464920642484,0.38288591839342906,0.3859916199621534,0.389267705313117,0.3927205737183746,0.3963571057896583,0.4001847004060197,0.4042113154981755,0.40844551314151906,0.4128965094730315,0.4175742300206046,0.4224893711183768,0.42765346818074773,0.43307897172339194,0.4387793321549678,0.4447690945221678,0.4510640045779103,0.4576811277635212,0.46463898295767114,0.4719576931561924,0.4796591556182952,0.4877672344592938,0.49630797920413317,0.5053098734602889,0.5148041186488289,0.5248249586811907,0.535410052628016,0.5466009038481566,0.558443355798754,0.5709881669190083,0.5842916796851938,0.5984166023221833,0.613432925924243,0.6294190051465844,0.646462837528567,0.6646635853704747,0.6841333955483692,0.7049995875928835,0.7274072999920681,0.7515227107024441,7.621644132680661,8.454523825914299,9.303100317880167,10.629035756645381,12.041451674463547,14.276978762422065,19.549658906155035,19.458772546593867,19.32143077192691,19.177350143975072,19.013689779097245,18.8070877279791,18.51127946123631,18.262289320429034,17.874862608762285,17.400010230410384,16.905498865778462,15.939555734731174,13.93315759735696,12.148939569745677,10.993366711872348,9.84075589716341,9.071359848367047,8.272417415987862,7.617380791124933,7.150836182224212,6.6594414596900755,6.292988429209086,5.915040459111625,5.659488648252407,5.324102686299383,5.102511224985417,4.872970552379355,4.629060152260078,4.456135405130389,4.278450591414363,4.1239739869005545,3.979877391134728,3.854702904644522,3.7255643947123813,3.6179033474140954,3.505527481865446,3.3846543071144617,3.304309639144671,3.1985255452633785,3.1397452177836107,3.0496069422191883,2.978279343603267,2.949383110852,2.866673299502352,2.7879803746159886,2.7208891339480603,2.6824573248929147,2.6288057139173273,2.5913195529167194,2.5355034184802134,2.467529993373957,2.447124166003014,2.399875885633883,2.3548826856825236,2.3143813705251945,2.3116796736152696,2.284165440705685,2.2299453692587754,2.1880052644183285,2.181572038841669,2.127464261057534,2.1130777879420037,2.0978543096280706,2.070474514096594,2.0681831508766697,2.0566371926124973,2.020265480804506,2.001745763177673,1.977676885755037,1.9472070543362094,1.940516193304489,1.9216821270868276,1.933005472928558,1.9012492803677996,1.8574804209823466,1.8833365894290894,1.868437866910827,1.8682204269391351,1.8499667720115627,1.8395562649769948,1.8038039254298381,1.7971057976083118,1.8266628683172663,1.8271707782392372,1.802271239120799,1.7806154649608232,1.7590772839502853,1.7735104606421823,1.7633932488865856,1.7692455269177343,1.7939300194834509,1.7854952291134598,1.7720717740348957,1.7694401778256486,1.7720515272516764,1.7755785489393665,1.7460093802511796,1.775087762071444,1.7716932797347857,1.7886378780709604,1.7794419612061487,1.782845411598164,1.7583315905147274,1.770198691167199,1.8008794184187384,1.8067764800261277,1.7960659080631731,1.8172111406765308,1.8176119144441656,1.81971615241364,1.8466228549749157,1.8309091791071845,1.855288828527865,1.8635517182532138,1.8740819277308718,1.8716738941522126,1.9080825043189402,1.9249758448011067,1.9115525752805553,1.942300090699886,1.9410227599203855,1.9626211242757539,1.9683304840691163,1.956276304523586,2.0034645078059206,1.98928112704295,2.0446722222699374,2.0436996856951515,2.073144230289861,2.0540651989089667,2.1059915867305183,2.1147277783100145,2.116105630683211,2.1414498211917543,2.1637469368988844,2.178952345572237,2.196143145597891,2.2143556945963354,2.2457938595340967,2.258051408982517,2.285584194935011,2.276164523053959,2.3335927269575754,2.3465156762568125,2.373630797206517,2.4007641487904774,2.4092688808698512,2.45391824175116,2.4522612242889306,2.4975738210993685,2.5084339268893996,2.558912026340434,2.608380653450791,2.592707072488927,2.6455435625286303,2.669061641077489,2.707960416422915,2.741866207534357,2.7883535144603586,2.7882798077497615,2.814093292959081,2.864552581506969,2.900869003040477,2.9495507273844352,2.9717815747053082,2.999926678021615,3.0286370604568678,3.0695445701346786,3.119403582234398,3.174628886222728,3.177101971358261,3.227909285216804,29.99626518351588,3.3175542314406603,3.3363037676457,3.3882803670570625,3.424649515182406,3.4697353727555575,3.5096177285040087,3.5782820695856303,3.5848305157393643,3.6244853584087893,3.684081821547703,3.7096371149110547,3.7609325899940016,3.8411715962081967,3.8499965753324568,3.9240041345066423,3.961593344202123,4.009707334466926,4.040674516931889,4.0774585329444974,4.129347961122706,4.194529178892849,4.228333952337232,4.2496939501487345,4.322859641698478,4.348364415846899,4.415840414790562,4.467825384208135,4.509074504683641,4.540516453333337,4.603003655278505,4.673478115833663
5.8,0.10698278041798659,2.0,4.779540661981062,4.805073148865299,4.873437724138844,4.917496255688317,4.9437342221774125,5.022061454690798,5.033688511254691,5.10208913049757,5.1466303170108,5.194706024182275,5.217622555750039,5.275190824680801,5.322843464860086,5.351657957266438,5.408103088342133,5.4327264364048204,5.4750310608895045,5.523673950879551,5.579559483306833,5.6099346415193265,5.655685228406906,5.677089585147737,5.746730029377584,5.755186572412096,5.799109563105474,5.831593269293174,5.85237271923647,5.8785208186396245,5.913133288888697,5.9520123413179515,5.989885303424068,6.030870703081638,6.0599519873500505,6.053272040243382,6.075946051310473,6.110653353658262,6.17238548461533,2.170645477006117,2.003595320023951,1.9145561541108154,1.8760271599697436,1.8110193368188097,1.7863111270969412,1.7404219916391133,1.720536022326467,1.679188420938014,1.6907660415150698,1.6531664512249287,1.644213662265051,1.6483728227357919,1.631214113855703,1.5748310290097232,1.6041573602999204,1.5783510032807961,1.5930162103508931,1.5518819914932638,1.566421939482023,1.5499815325487785,1.5461211033953592,1.5230439035934942,1.5143723859067328,1.5220033090882428,1.5228194107115463,1.513983305584958,1.49784126035616,1.483940160937579,1.501697060703197,1.498326664370885,1.5069033581208435,1.513353106851337,1.4767021547662915,1.4836751899398264,1.4677915464175477,1.4794745503573536,1.4651250036287946,1.4736569295342685,1.4865026757779043,1.5119346107487799,1.502879150294348,1.4952103970057231,1.504224695039968,1.4831019511834898,1.4867353959505134,1.50811707164346,1.5192634137673708,1.52111828234494,1.5175137363689102,1.520017001484418,1.542724904179825,1.5318770040468568,1.5670628348178939,1.57127113597304,0.5845094914404438,0.45904723292351646,0.37802179548546505,0.3506301759223687,0.3513991751546916,0.352279138785454,0.35327144117545856,0.3543776420151947,0.3555994923927289,0.3569389416757509,0.3583981452589617,0.3599794732352429,0.3616855200570246,0.36351911526308345,0.3654833353557765,0.36758151692460506,0.3698172711241711,0.37219449962823026,0.37471741219689353,0.3773905460113323,0.3802187869499172,0.38320739300191303,0.38636202004007986,0.3896887502022736,0.39319412316498226,0.39688517062932205,0.4007694543831831,0.40485510835285043,0.4091508851147065,0.4136662074038185,0.4184112252329718,0.423396879324907,0.42863497166444336,0.4341382440986311,0.43992046605535184,0.44599653261802163,0.45238257439112745,0.45909608082435394,0.46615603893945173,0.4735830897329024,0.4813997049202506,0.4896303871587034,0.49830189745092324,0.5074435141168468,0.5170873285496491,0.5272685839818557,0.5380260647227836,0.5494025448463304,0.5614453071823263,0.574206745790655,0.5877450679995782,0.6021251157311284,0.617419330432532,0.633708891769653,0.6510850677003527,0.66965082315099,0.6895227469746642,5.961250765238385,6.351025023052987,6.898983812781473,7.432285829003592,8.199010345829246,9.138842365498501,10.08618898773868,11.581801352173251,13.18750036666271,19.399582308230617,19.3095567438126,19.219688587144002,19.089185138112068,18.925848263828836,18.72340233199096,18.484169530395,18.182740020619477,29.994530680544333,17.4828115707054,17.04940609642284,16.355495648551262,14.988729796921415,12.866441781864285,11.2945951612175,10.242147840499971,9.215701115042142,8.492321079095602,7.790383168496307,7.282600915553609,6.729301809331608,6.360407384705404,5.96809406391368,5.621920290694567,5.342110669990832,5.067331941289116,4.880869348095304,4.621401781386615,4.427704939208715,4.251202668433032,4.105057703714311,3.9447991409213,3.786906322140946,3.670658619416149,3.5498099839634114,3.459009451575692,3.3422032506594053,3.2603528089609295,3.1629581869266863,3.1027803672108587,3.007115742092919,2.938315624358578,2.856648956818104,2.806739145463954,2.7480691932949615,2.670293786148144,2.6261873616849436,2.5757977729637505,2.5214038218028,2.483121856397381,2.4490443446240118,2.3954908372526162,2.349609956749741,2.3144524251005154,2.2707367751531846,2.2327619215546677,2.2259231675631668,2.174125072986351,2.1641227831636676,2.125477604917916,2.113340380434556,2.057814209943262,2.028071525915624,2.014287410685403,1.9987125596877537,1.9861328851698326,1.9688948471229137,1.946947148277308,1.9156296681091993,1.9035887715697644,1.8940973393056468,1.8818511770415434,1.8613346927794467,1.8499269243750909,1.8329170045237693,1.8327837949597838,1.823226236253851,1.8044273830107471,1.7974515024150364,1.7866687830081194,1.7671647376821227,1.7746929845358719,1.7608687492827497,1.7575767654517134,1.7465539241883838,1.7290555915280088,1.7381022620989182,1.7399980501776882,1.7352222069861434,1.730509281282686,1.7336306737959715,1.7152527487394376,1.7056560243194683,1.724741190100466,1.7258250112514886,1.7065439775902749,1.7099153502858604,1.7180932514906782,1.7112269178614237,1.716961351533599,1.731978716936065,1.7287014854340048,1.7274011186482459,1.724420928371111,1.7489036411806622,1.725518330963944,1.7463184225554689,1.766838982177138,1.7656527069391816,1.76054221869557,1.773156322251306,1.766375296164728,1.770477981895555,1.7937935708752586,1.7863434588264846,1.8168631992143423,1.8157418917457486,1.8394893940707588,1.8688796607537905,1.8522519806544808,1.8803947785202362,1.9007559530118234,1.9256824590552968,1.9411635695705036,1.973024729844215,1.9703151737824807,1.9893115301268516,1.9935067136345466,2.0036663825730234,2.0458791811073334,2.0445103927540087,2.071211741639369,2.074216800616651,2.123851284158727,2.1463639484738057,2.145532720006529,2.1842578738843814,2.173432589328425,2.235857210415186,2.2365011659575127,2.267513278256002,2.300812577182384,2.3469706367926264,2.340679495606925,2.3816679317050937,2.3974353734052305,2.4184087608812415,2.446737158547753,2.4601136639278263,2.4965656953917406,2.540624901333465,2.578861942348628,2.598386544111089,2.6167135145436475,2.6488349274342573,2.6775457424175,2.7303912029642605,2.7520770212796255,2.79660282774574,2.81358971542701,2.8687010409016684,2.9012316877377717,2.9598898638879705,2.998838869482028,3.020189480558393,3.0334032756299387,3.116093716525647,3.156057905311069,3.162380629478366,3.2115564997504906,3.2611925708477116,3.2729426397645027,3.3229603629644195,3.387025935407475,3.4371740717445216,3.477595338731629,3.524455887181715,3.5793784447443193,3.6083435678273448,3.648413991497628,3.717380406282189,3.75434455619207,3.813233512684596,3.843212260103374,3.902302933924713,3.9616227402058577,4.008430350962331,4.0188592310946465,4.073813608408203,4.128912192291137,4.179191410365622,4.24412240077933,4.287852315771889,4.337360589205151,4.386832870526563,4.445839622814367,4.467507017151274,4.525977043645149,4.584203341451297,4.643513515113041,4.674917639746604,4.74174365996454
5.9,-0.15595655116925433,2.0,5.069696178601402,5.103440249342998,5.164114239223235,5.202679377331497,5.22945450433529,5.303155674957072,5.34275332985678,5.372273581912848,5.440860884743752,5.480374456160487,5.527355641625419,5.563550663143381,5.6225197486157645,5.661397033487009,5.674780430993023,5.694741697285769,5.767645585059849,5.808068760202607,5.852027863360319,5.887573500911681,5.927502440597023,5.93786701505602,5.989588460866864,6.02636687506163,6.066883497159872,6.083972366561407,6.111604993273602,6.157827067973082,6.184965133389237,6.1928597813995,6.233781245619159,6.255779893747916,6.275615978333067,2.186073046342015,2.0760293282196267,1.9791261240805114,1.9619474976624243,1.8853604070499834,1.8529724807418815,1.8255524904869234,1.8075165167511276,1.7998967743302152,1.7862714838154565,1.7531721003133987,1.7306303993009828,1.7351440001957104,1.7284200021833218,1.7034046593424703,1.6812271378212764,1.6606682688035128,1.6572099667868818,1.6741065096722527,1.6441779730044512,1.6447587689882608,1.6196543419315401,1.621846269653465,1.5880545815182843,1.612724547615501,1.6219484533774244,1.5805729166755778,1.5610075423992076,1.5864875146727007,1.5365063957781535,1.5791775067489864,1.5525914215362577,1.5675716679902343,1.5430740395708977,1.5606698929706655,1.5649753122021495,1.5351369928098741,1.5422699678173628,1.5467402774901182,1.537832045263458,1.535733706881879,1.530905800396963,1.560634201406838,1.5581267774858045,1.5535813393857179,1.577042676486218,1.5579951517755266,1.5655871103159285,0.3571945987499091,0.356746427845084,0.3564078500952331,0.35617834758304723,0.35605756991278237,0.3560453329031975,0.35614161790169674,0.35634657171491474,0.35666050715526804,0.35708390420725955,0.3576174118216416,0.35826185034994745,0.35901821463644307,0.35988767778929154,0.3608715956577076,0.36197151204717026,0.36318916471042956,0.36452649215815097,0.3659856413396714,0.36756897625157914,0.36927908753978683,0.37111880316952933,0.3730912002474435,0.37519961809070107,0.37744767265023615,0.37983927240864374,0.38237863588852056,0.38507031092415994,0.38791919586887263,0.3909305629321469,0.3941100838657873,0.39746385824655356,0.4009984446352208,0.4047208949290607,0.4086387922672665,0.41276029289774796,0.41709417247007735,0.4216498772844958,0.4264375811023231,0.43146824821072516,0.4367537035368093,0.44230671072512745,0.44814105923213154,0.45427166165488075,0.46071466270415884,0.46748756145999015,0.4746093488175385,0.4821006623524006,0.48998396121732,0.4982837241409365,0.5070266741503076,0.5162420343038141,0.5259618195264014,0.5362211706186721,0.5470587377080762,0.5585171218791483,0.5706433855309351,0.5834896442544982,0.5971137558201486,0.6115801253679846,0.6269606503107016,0.6433358340558993,4.834076610411895,5.098657420111761,5.365224352749528,5.714782324242501,6.051078652204009,6.5205558481316945,6.988015431264544,7.6184163247731576,8.380100612121593,9.138821621782599,10.295602230586601,11.500417270198911,13.371999179475,19.226362691353508,19.13035690769322,19.045531463765624,18.892979590832855,18.70818699035647,18.578135784844214,18.29412557469508,18.045494501709037,17.73873501928747,17.392455699893002,16.84335210591762,16.207045056470307,14.847976230034936,12.710782143038838,11.33506205933113,10.058042003394652,9.169906073722887,8.316077094932908,7.695804976145954,7.115799792555176,6.6102013880653345,6.2182722360099385,5.823666949583093,5.510448630641037,5.191742152826682,4.971827741077577,4.727829850940731,4.529368097831395,4.326361501510451,4.126850565936117,4.00276085515388,3.8316988133597314,3.7152261003846347,3.5739083419964213,3.49406259426731,3.353852550167169,3.2439575460834633,3.147825874683878,3.0595797632299697,2.9967586727871813,2.9250715161157035,2.8437837749599932,2.768283871427319,2.7223555719697567,2.657228485711723,2.5900088733468456,2.520871012847101,2.5034889580119426,2.4499418555525776,2.4055250612518484,2.3737564511853306,2.3286259105435576,2.2775657016542854,2.227177930662715,2.202448454501323,2.1784139538223157,2.1344041856682647,2.104386179662008,2.0732089073164457,2.0545607484286204,2.018634182575451,2.01690076218897,1.9935600097846087,1.9464730988774428,1.9339435844723623,1.9385619917443804,1.8848454741802059,1.8768413420797072,1.8577891819444725,1.8445335607149909,1.8483639733281374,1.8236014897567656,1.80696661084105,1.7763607535876695,1.7776005692559271,1.753931880070556,1.765951239739273,1.7423686261708309,1.7493779909875264,1.7039136105323338,1.7275639699455583,1.674526444554047,1.7038521947019711,1.6893706316031303,1.683027830946854,1.6855418347374846,1.667181585652815,1.6846653153185016,1.6500789940471245,1.6768744965745208,1.658359514043474,1.6575052409835866,1.65832883579522,1.656332112472176,1.6623320511851196,1.6795541302212031,1.6699679880837348,1.658032328086735,1.6515013619174672,1.6488093899084946,1.6557473514628152,1.6551680087048741,1.6530729961182653,1.655502358908837,1.6534892190371748,1.68472183556785,1.7000223454106878,1.6858718555371708,1.6872459631889916,1.6896585069195897,1.7029584467452952,1.7119084187497484,1.721808670930459,1.7477914986639536,1.728060765667006,1.7885081403951801,1.769171570590184,1.7831479278157931,1.7726733762958313,1.8077979135357995,1.815264882041392,1.8119661575603692,1.8413617950638366,1.8496519915545833,1.880085396189304,1.905510259821308,1.929614457427947,1.9464767792467537,1.9562938076378782,1.9865476516679947,1.9987363821775193,2.0190806289427528,2.0302111625435995,2.0486438416280754,2.079720671336435,2.120203604184214,2.1149875394311723,2.1556040208205873,2.202500554025012,2.1926558697853733,2.223428875479652,2.2880287129269528,2.260710761001645,2.3067668876974037,2.3330089731712422,2.3643713168859755,2.3851723448597153,2.431848308258943,2.4719006006594486,2.5095250826047004,2.5313122097619947,2.558602895723203,2.5989810039561796,2.624727201337063,2.654816045614529,2.7032393500360254,2.7039263825034796,2.7973588320928173,2.829438718008561,2.851945360085621,2.913585965058193,2.9465501406262464,2.9912989162319814,3.0301601272060426,3.0791943494999527,3.088312086936143,3.141669221229229,3.1785862615855254,3.2554540450894742,3.2947979876807643,3.323861750483145,3.3849150161181005,3.4237784452122018,3.482074595808656,3.522082806020206,3.5716438886262027,3.62053821509987,3.674390614714537,3.7170306037577605,3.7666853072500595,29.970287062870604,3.8634982394777695,3.9579360038696088,3.9840879886448968,4.019119377676045,4.083808795773066,4.116508408001939,4.178820495634306,4.217352117687871,4.2853578825494125,4.336388676503949,4.414848398339072,4.423319588222541,4.503350793668571,4.521251724941226,4.621759804348478,4.64525260348341,4.697824005007575,4.738172189007527,4.772605309238539,4.8502846772885455,4.905843409890214,4.959700638727745,5.022521514997614
6.0,-0.12997272726099413,2.0,5.2740019783980925,5.2949397249515835,5.354055914255169,5.408902221815008,5.425927391456364,5.480458280732932,5.552599859656961,5.6051108652710235,5.621030615938333,5.67565052303261,5.734243312604537,5.758099581557807,5.79604191658176,5.868328444495687,5.926750672010434,5.974763703804673,5.9733522107211545,6.037076592199549,6.0556823811421605,6.1014319734346545,6.128822262552129,6.155118143625888,6.191429796819935,6.227328768312752,6.26285797587856,6.29916499162024,6.327725052865964,6.336786961696398,6.380163527668709,6.401147667839671,2.4995721963761355,2.2634287020122144,2.155485905816903,2.1000217340226546,2.0525431988465153,2.004326212410238,1.9762806105888422,1.9531220865711951,1.9269549894846583,1.9386120449085231,1.890254843621879,1.9009550699186848,1.8541068795954763,1.8386783216991966,1.808845307007071,1.7825115607420872,1.7626848557399837,1.779360352483656,1.773709329382576,1.7204891624050231,1.74236590425069,1.7271354697859977,1.696419123579437,1.6929683931649797,1.7074253230481957,1.6707342651298793,1.6981248010883918,1.6745834564852837,1.641884854109778,1.6519361616079637,1.6370522336596451,1.6345636283527019,1.6382878245300527,1.6426320215725363,1.6195590108666915,1.5977644819975119,1.617645126898339,1.613581989482614,1.6414628760717167,1.6300054260884662,0.38704303476139135,0.38532129351290073,0.38373121682745354,0.3822702176973165,0.3809359414813531,0.37972625641143487,0.3786392451029545,0.3776731970052389,0.3768266017355822,0.37609814324785334,0.3754866947932817,0.37499131463717206,0.37461124250102423,0.37434589670490326,0.37419487198999507,0.37415793800613545,0.3742350384537913,0.37442629087453766,0.37473198708857913,0.37515259428234976,0.3756887567537432,0.37634129832713226,0.37711122545507625,0.37799973102854384,0.37900819892266213,0.38013820931048753,0.3813915447831627,0.3827701973211325,0.38427637616794513,0.3859125166656208,0.3876812901187656,0.389585614763629,0.3916286679282977,0.39381389948132317,0.39614504667847905,0.3986261505312148,0.4012615738359586,0.4040560210209771,0.40701455998731906,0.4101426461428312,0.4134461488537187,0.4169313805671431,0.420605128891451,0.42447469195848986,0.42854791743587767,0.43283324560696923,0.4373397569937386,0.44207722506415903,0.4470561746424965,0.4522879467301295,0.45778477054828515,0.4635598437352182,0.46962742177206585,0.4760029178779377,0.48270301481054345,0.489745790239735,0.4971508576350303,0.5049395249333329,0.5131349736407381,0.5217624614861256,0.5308495523011746,0.5404263774728091,0.5505259341265429,0.5611844261865715,0.5724416556635841,0.5843414729988103,0.5969322971130702,3.832785725766609,4.004252578620333,4.191446210465041,4.315459142604684,4.563854408312166,4.760769553681707,5.017840492076824,5.274916251707696,5.588649857778641,5.882199280820362,6.31848556497627,6.795651203458616,7.26842235425036,7.945041220626309,8.585334572381184,9.527770727842151,10.517076376589214,11.978843870752534,13.544245752307507,19.014204929451996,18.934177807925316,18.82888254484597,18.671314460902163,18.53999708829614,18.31856638719812,18.117121419968292,17.81282091744526,17.538992883037807,17.105317278688915,16.57261190094632,15.992377259821037,14.277771070717781,12.512648433774105,10.90390537041507,9.837615222968287,8.822304112386202,8.106531029104111,7.410466578748289,6.809527240624621,6.398650816832556,5.956788010619882,5.648164444929738,5.309978539862192,5.0415168147962355,4.7939295990468445,4.590463722970129,4.355834090706768,4.156556428397333,3.9798744838839113,3.8458296672409746,3.6937181309094558,3.5612828685897306,3.4643949387787294,3.345799271056633,3.230398418826313,3.125307230256023,3.0395062810348574,2.963712554692687,2.885840107790246,2.8353974931271737,2.740538475228201,2.6922976802968908,2.6318163269270842,2.5570081520698595,2.5006088123674,2.4355076185139986,2.399440449998046,2.332478801585012,2.3311153510100886,2.2614663315805963,2.231966059969211,2.1946461894273352,2.1653321441357267,2.1156705741542132,2.0661227820360253,2.0733277238290397,1.9982386295425174,2.020290938879809,1.972101000711236,1.9787078003280483,1.907050920084765,1.890897631661551,1.8769598636502476,1.8752143891722102,1.83620629785235,1.8295367295000011,1.80537647952591,1.7855648847655785,1.7771267426007462,1.7651519083678515,1.749720639313597,1.7298853568810866,1.7143118257629237,1.7105155636297975,1.6917857919880257,1.6848673658318443,1.66814240152943,1.6492429273780227,1.6451101914682464,1.6402777163000548,1.6452788621843268,1.6196375543555874,1.6190299248163063,1.6291025853861778,1.6259572955129662,1.6066267612045155,1.5852365998477893,1.5916638815948774,1.5993429483247352,1.5780899856444037,1.5747022832796285,1.6127741550099215,1.5924892410744338,1.5951766137897476,1.5893183280397563,1.557540443157371,1.5837918570967175,1.5734547597306408,1.6005591921058249,1.6040173346793019,1.6080631315681566,1.6018845018220265,1.605190583250209,1.5784331079419727,1.5931475581359535,1.628234489396646,1.6274311428755686,1.6046678750075936,1.6523260129321897,1.6447947688784506,1.6162522332475107,1.658981254135046,1.668181185035514,1.6706253375192541,1.6885263359714855,1.6977646111540496,1.6993793474161814,1.712866934412601,1.7269447535156703,1.7391798603625068,1.7525502722224542,1.7785249275406994,1.7986532489302889,1.804670446694715,1.816582308563624,1.840920750613088,1.868740412115655,1.8610700444724533,1.8941057050545018,1.9289743916833835,1.9474431369481322,1.9572067140127658,1.9886633349566,2.0171213213245274,2.0328566443439127,2.0890512948911635,2.089835032271452,2.1276818069589245,2.1314134371379674,2.1865046983906793,2.2048725564739677,2.2396055574000555,2.2860593074628164,2.286302745270523,2.3435627839693915,2.3849374223599806,2.418292409682256,2.4456277920468135,2.472597796332916,2.5098763113859315,2.55600858764784,2.5851569970706527,2.6411594360706148,2.690623898693417,2.7061734130273014,2.744905715473825,2.78459059873721,2.840853314108208,2.8618139096603663,2.915111373438974,2.9562495879475175,3.0036329186441364,3.0695840735209767,3.0847177325683335,3.1345081177334904,3.1924714345546206,3.276243843324534,3.3057048821924377,3.3359293617533634,3.3726113329288614,3.439443945198342,3.4810829046917315,3.536956264950529,3.617482878087065,3.640756232657635,3.714917564121531,3.784206859464178,3.8388584930603527,3.874239786453316,3.921796594034365,4.001726736175455,4.045436050749024,4.118526258684291,4.141528942021195,4.232995777151753,4.268638867034253,4.325589608328283,4.372317842911099,4.419020754859481,4.499783825263285,4.522301872228233,4.574605706683878,4.66308367689138,4.730668207908301,4.7862026855179725,4.837739165358437,4.885952445375971,4.907270923719172,4.9851629076862265,5.042933868451934,5.110544449553122,5.131647767211264,5.198710671175579
6.1,-0.1106329609809224,2.0,5.14771587809186,5.233878863956806,5.263614404549834,5.340617706196008,5.373231977474142,5.4234436087442495,5.465330379036955,5.541996641002968,5.585709317588246,5.646712540704104,5.68107726170113,5.726231295222727,5.803394290460195,5.809554652881335,5.8732265809801945,5.927984737499903,5.969093600083055,5.981991081021051,6.045709496295416,6.100433169820604,6.141585528700703,6.173402852730562,6.226775753891799,6.249363628903082,6.271406789895409,6.318766905993785,6.34800136423864,6.392130295010834,6.418335705085034,6.4674401691614865,6.481621108590641,6.509610032603263,6.530251568375244,2.5682908898103527,2.3604155768890425,2.2810012018842847,2.216982331885961,2.147606787250408,2.1293695571664326,2.095076442802423,2.081154744568864,2.0389603041477824,2.030763828405583,2.0032216162724716,1.978886205437434,1.9625670274941949,1.9336127081971766,1.9238885481659866,1.9215350738223549,1.8711564552861457,1.8681914186249646,1.848254951411741,1.806769953392991,1.8113896807856216,1.8056136525784687,1.7957101684052268,1.7986372571336176,1.7687601881096164,1.76005657567586,1.7414199949724973,1.7466329449444373,1.6944775841081774,1.7113320524635625,1.704829328982314,1.6997310073765355,0.4106260357388243,0.407457257702419,0.4044593163516509,0.40162665997125885,0.3989541304050276,0.39643693846019273,0.3940706415566263,0.39185112341592365,0.38977457560866363,0.3878374807985448,0.386036597540173,0.38436894650331643,0.38283179801070805,0.38142266078920994,0.3801392718455611,0.3789795873881699,0.3779417747256675,0.3770242050813091,0.37622544726994556,0.37554426219126935,0.3749795980994755,0.3745305866154405,0.37419653945309667,0.37397694583692287,0.37387147059245884,0.3738799528965268,0.3740024056784765,0.37423901566830015,0.37459014409195096,0.37505632801868855,0.3756382823698191,0.37633690260284464,0.37715326808984506,0.3780886462139317,0.3791444972129054,0.3803224798048756,0.38162445763662667,0.38305250660203133,0.3846089230848806,0.3862962331882399,0.3881172030209374,0.3900748501211761,0.3921724561076754,0.39441358066033105,0.3968020769453339,0.39934210861420677,0.40203816852253255,0.40489509933255974,0.40791811618467705,0.4111128316463409,0.41448528317385425,0.41804196335293686,0.42178985321891843,0.42573645899731827,0.4298898526514095,0.43425871667608323,0.4388523936381231,0.4436809410332785,0.4487551921119726,0.454086823420118,0.45968842991176334,0.46557360861909375,0.47175705201618545,0.4782546523901753,0.4850836187423951,0.49226260798891386,0.4998118725227172,0.5077534265480853,0.5161112340135945,0.5249114214684384,0.5341825197659831,0.5439557392619224,3.297289420927673,3.403470791064003,3.499649779679209,3.6128530015152283,3.729481596772167,3.879634539261712,4.0170635521847755,4.220065398079057,4.387039503272911,4.554878789648341,4.806032415804458,5.027873937534351,5.282020230814561,5.570486633674697,5.916459493137527,6.258388536953207,6.745595204678479,7.285990302701263,7.8099487492412285,8.526944805031288,9.296229902212469,10.378044971804146,11.503605448739723,13.22261000004697,18.860598269991307,18.77955481119353,18.65731520974681,18.569411754734986,18.3570526988523,18.192020473378633,17.95761969434209,17.722193420062574,17.402389031027607,17.06640167076602,16.630159987952734,15.99480526994359,15.177931096485365,12.817104093065378,11.30712242392662,9.971623951095811,9.02422630127854,8.167396160545673,7.5406020408111445,6.926359184067515,6.3772717895956195,6.01288391260382,5.598382424827689,5.301888154764234,4.987669378695382,4.779231958472596,4.518919147198187,4.351009730066978,4.141072671500101,3.9486202620248325,3.8158712119620932,3.654154196134041,3.544738899865247,3.389399323964309,3.3092598688074455,3.1810476939115433,3.091348818833798,3.009652639729595,2.9034212054444875,2.854627799434593,2.775688804213119,2.704031360537532,2.6260293113155275,2.5860729235126145,2.479898877694601,2.4357228554242325,2.4035331365018187,2.3790013912218915,2.306063212348629,2.2481079872828587,2.234081015258037,2.1723590320984663,2.148052731147397,2.1123598020853045,2.0814524381868407,2.0173566848796325,2.0072120836894674,1.968902240771436,1.9663141389944105,1.9364093809236196,1.9108490361391912,1.890593449584865,1.8557829736607092,1.8482093515060958,1.8192868883771005,1.7905682272474406,1.7818737212920328,1.7635889709986587,1.7485942194343087,1.7486213246718991,1.7106562155403193,1.7075176157671705,1.6686148214468135,1.673136868400613,1.6592013474631826,1.6674030016662444,1.635903633903909,1.639973445749742,1.6228196803009622,1.6075619953623639,1.5867257921904134,1.5928805687911125,1.5921181100183461,1.5591685861668492,1.5540615177610233,1.5794178625012862,1.557344726736769,1.5411267300253355,1.547945234723045,1.5505850936607972,1.5562580979657563,1.5253563677525233,1.5296784608597846,1.545156643312993,1.528809655102788,1.535496809149997,1.5458862910782944,1.5610774635388096,1.5368410238518886,1.5568077415500556,1.5344615747566637,1.550834839425382,1.5698828683835815,1.5621874207221706,1.5534109372783464,1.5578899638391,1.548937019956486,1.5999663395807633,1.5881954444534914,1.5906778263158554,1.5787827038232312,1.5990723448330655,1.5786945022728205,1.6171438945688366,1.6047393058600443,1.6258876856127265,1.6416678722993734,1.6796883943697187,1.657591617115703,1.6708393229464114,1.679864253164083,1.6963530959534485,1.7265442202085608,1.7295545326478377,1.7328646976283335,1.759232681470683,1.7846126122475134,1.7812058586764228,1.8229781159205314,1.8511018355366897,1.8492848918781277,1.8860528985609837,1.8960554103821807,1.926976673076542,1.9521805750880064,1.9833832717187336,2.016857226546688,2.0304621386269646,2.067509360733633,2.098763447294309,2.154698290253544,2.1720844522576614,2.20627005036124,2.2100300438548635,2.252190232772711,2.2973728278973646,2.3138280810705294,2.3760525954793863,2.4087934772241577,2.4455885914627324,2.4957289030751775,2.5359621650259725,2.580740650288217,2.620559555063374,2.663086509365029,2.7157144465301566,2.7439679172843516,2.7934896078440823,2.821147735389,2.8944496341747605,2.951499887006295,2.9854006291994812,3.040342604566214,3.084415645671197,3.1495295523941853,3.1941023008672484,3.2674427952527076,3.305351362581239,3.3470247784121,3.408946902412594,3.4701320611126234,3.525962457426318,3.566629656925246,3.6227629679020614,3.6972840005672016,3.7485512985913183,3.7976681526377547,3.881024901724146,3.927986596550761,3.9900595708919484,4.055656391484634,4.096060513960087,4.184038721079821,4.184151168721174,4.275685404575719,4.337370372840605,4.393512872193228,4.464199412863829,4.527163164792205,4.566191785674491,4.661450503972392,4.694881978420669,4.754086713370358,4.82287519368011,4.859770256250828,4.943675513011156,5.004348565801619,5.0332089640834194,5.099516307773862
6.2,-0.07446767384163833,2.0,5.257640998494871,5.331913642877955,5.3905630431390845,5.4606327481821575,5.4875901485439185,5.585132910432519,5.61317400427214,5.660670113349224,5.711616825788365,5.7734626668739715,5.8235839089323544,5.865798645824208,5.9235552913579115,5.952722517493084,5.997300615810591,6.082336838416024,6.120616490099073,6.136783540920958,6.1984699027364005,6.240270538024784,6.307474000922577,6.3286118428824185,6.361127097853677,6.409714506013889,6.459356140340682,6.4693036256601655,6.513263589063847,6.546527244860212,6.558306517199566,6.622440831053606,6.6203270557225276,6.645705889981738,6.675350014634005,2.550305525161526,2.4477111068721733,2.3652667687813187,2.2937469034749634,2.2626121441850264,2.261198405274249,2.193190201931927,2.156346144025343,2.164961296404731,2.1094629930396467,2.089273831294159,2.0568441254734693,2.026482723635935,2.0262961595745086,1.9871042758287796,1.9746563011101892,1.9252548013894908,1.9385222175204606,1.912342268756187,1.9161779668827557,1.8887679750531403,1.8485548832731544,1.851340294712125,1.8384897501059765,0.4460840849536301,0.44110235144642285,0.43636215951247,0.4318529597252268,0.4275649561767716,0.4234890478088065,0.4196167754769545,0.4159402741258513,0.4124522295299404,0.40914583912175306,0.4060147764873315,0.4030531591586962,0.4002555193769635,0.3976167775378368,0.39513221806451654,0.3927974674822756,0.39060847449459457,0.3885614918833431,0.38665306007543104,0.38487999223600944,0.3832393607639673,0.3817284850794198,0.38034492060533825,0.379086448856634,0.3779510685600422,0.37693698773721995,0.37604261669168465,0.37526656184771495,0.3746076203962019,0.37406477570876673,0.37363719348733865,0.37332421862188586,0.3731253727341717,0.37304035239034544,0.373069027969911,0.3732114431832181,0.3734678152341298,0.37383853562899433,0.37432417163753356,0.37492546841581187,0.37564335180610836,0.37647893183334635,0.3774335069227858,0.37850856886901674,0.3797058085919723,0.3810271227217773,0.38247462106083496,0.38405063497872755,0.3857577268033482,0.3875987002803127,0.3895766121822359,0.39169478516004036,0.3939568219402562,0.3963666209854546,0.3989283937497404,0.4016466836778661,0.40452638711529343,0.4075727763177568,0.4107915247729639,0.41418873507443876,0.41777096961871796,0.4215452844327601,0.4255192664792552,0.42970107483439923,0.43409948618663824,0.43872394516711993,0.44358462009456845,0.44869246480073643,0.4540592872996133,0.4596978261766175,0.4656218357061746,0.4718461808609534,0.4783869435581105,0.48526154170256053,0.49248886284114807,2.857041926194989,2.9107210130666736,2.970506726704976,3.028559648986479,3.1196404332483954,3.2157253695689847,3.2739783236125484,3.4076979896774584,3.5043609087183554,3.641467424547404,3.7630906060307945,3.9103398117042856,4.024229702211269,4.195581076823274,4.407986717690978,4.569857405699252,4.782217089036702,5.015869916893385,5.279150627829399,5.53366998491581,5.882899390181415,6.194251172275516,6.645575078733484,7.162503224402593,7.65696884148259,8.360971362372986,9.038237094212274,10.04257791720671,11.071084394842027,12.602684126066553,14.240715548328005,18.606639132785023,18.533706315652523,18.39599829682052,18.23715889637379,18.091612901063503,17.8823633059659,17.639037979227652,17.342268353052127,17.016838017465943,16.630522549862185,16.06848497312871,15.428344283487698,13.529056820532597,11.85222920105298,10.321151114181419,9.306929254607201,8.358188334663135,7.68092947638604,7.022162451319748,6.468080577646795,6.052187769698439,5.624681867103411,5.33832546978646,5.027851013547628,4.784243843236064,4.507150228964374,4.333734067685218,4.125810345269159,3.941882347878646,3.76997235480767,3.6267819511528088,3.503756409064961,3.377042405003808,3.2856449987371694,3.1362058814219727,3.063779497063678,2.9460766696509775,2.8715724235173115,2.797030115874875,2.7129877946918874,2.6608319530592275,2.592703064688579,2.534272557316964,2.4662869936794687,2.4270862951992944,2.3569142858536596,2.3162964619991477,2.279780331706483,2.2158777612516367,2.1862660092632735,2.109920930564739,2.1258969826534377,2.094200789005478,2.0463346424392315,1.976134584663754,1.9901156443707861,1.944624841983207,1.9315128322304447,1.9010772637353015,1.8745791062560409,1.8411443174420905,1.821206509468325,1.7955765250868612,1.781752703384052,1.757815057759149,1.7400140732814113,1.7274659028038448,1.716535404139344,1.6998544480335858,1.6827031891350483,1.6833670953602173,1.6742306493764645,1.6459208652754864,1.6269787674081204,1.6290680783772495,1.6169403146479984,1.610306341209891,1.5847734622331482,1.5812811223853915,1.5538539657987334,1.569547659144174,1.5528885563325932,1.5404011912458302,1.5394997328521087,1.532714815469278,1.5344493397810148,1.5309784107971076,1.5324159570426312,1.5247265234515897,1.5152275000354893,1.4993133541242851,1.5066960855211415,1.5102888386693476,1.4958261278719098,1.5116882374075977,1.472615588519796,1.493984123709954,1.5182680011886527,1.4914349968336957,1.49663425285348,1.5073037595118837,1.4912435210935506,1.5273296133479448,1.5308167196991533,1.5141086488118027,1.5169360263223446,1.5132712842748794,1.545059767225319,1.5555474436493448,1.539356111984339,1.5564817118685585,1.5714968626763741,1.547066502652355,1.5879127410902827,1.566799544210694,1.5921085488219615,1.6027014703771516,1.5991499381033285,1.6120738416262956,1.6506327147110533,1.6335025575860467,1.6585661081125564,1.683999728305533,1.6680637133008756,1.6962040164529713,1.7119890758276974,1.7389327100558667,1.7648672703328,1.7694922950713783,1.7895634190954472,1.8234717609061717,1.8312147279745539,1.8665681111214987,1.8818810598046778,1.916619154971094,1.9420505256831604,1.9709267265652868,2.025331334240229,2.05259752713077,2.067547629414492,2.1043952787422175,2.1378291153498123,2.188782517645331,2.213650100293698,2.2678109210608928,2.279097475512425,2.298242488578263,2.3584420652198177,2.4109908025878064,2.4308406985661986,2.5007458892117373,2.5426962381777645,2.5940779705765222,2.6382554587482585,2.711791815350386,2.746324907963605,2.815458688649528,2.817396648860378,2.8902166086784127,2.9344110349223094,2.9948650199494007,3.045726404643359,3.1063064881744675,3.1882312243878697,3.2150112915364226,3.300314918487121,3.3326385615923733,3.397583664567115,3.4384382574698282,3.5292443188697304,3.5956868576208447,3.6324001115479088,3.7100318446723604,3.738588021879545,3.8518971946536995,3.8823764166724883,3.974677783002089,4.007251556087263,4.104630241272364,4.142962455812475,4.216806646451138,4.264749171105072,4.3222817368287325,4.395284059815709,4.461717032851684,4.535431923764977,4.613703231785242,4.654345604589829,4.7473828675120595,4.77602218992181,4.850269639376682,4.907709119061603,4.962595226465906,5.005108940785832,5.086258693324222,5.155058873330849,5.206921406613411
6.3,-0.07337280199265997,2.0,5.346081491669622,5.417849301530966,5.463354726226523,5.5476737832638685,5.5897398678008665,5.648934730135362,5.725577633081858,5.769204492433929,5.827140967096752,5.882151609242137,5.948028690518497,5.979536940134574,6.053608989316256,6.096249966472036,6.158575997514178,6.202409880897446,6.240821837634249,6.285169464199304,6.317164846077105,6.3869237174873925,6.412216912639412,6.470933629973158,6.506215242848395,6.531596388411459,6.58008401624924,6.6225413340237775,6.631433455345707,6.662952636838809,6.713693912760693,6.727506614728005,6.7866474416445115,6.784831323369492,2.8689879514330983,2.6181862007388,2.550013129891475,2.4582390289240093,2.4344266256388263,2.3757248585945407,2.3353867920013722,2.2927425830417674,2.273714228508383,2.2270427266798003,2.2107620921125104,2.1864390715814808,2.1107656966114163,2.1292855812342304,2.106544663921545,2.079071493805499,2.0415705625720717,2.0081719191900635,2.006345411916929,0.48350449833460646,0.4764698756788293,0.46977811413546383,0.46341097029316614,0.4573516151791151,0.4515845062676295,0.44609527342257876,0.4408706170514916,0.435898216989301,0.4311666508327478,0.4266653206188644,0.4223843868877272,0.41831470929495923,0.41444779304676393,0.4107757405223642,0.4072912075280093,0.4039873636951354,0.4008578565944606,0.39789677918914185,0.39509864029476405,0.39245833775283834,0.3899711340584797,0.38763263421270333,0.3854387655959108,0.3833857596821404,0.3814701354339407,0.3796886842356793,0.37803845623901877,0.3765167480084498,0.3751210913674109,0.3738492433568306,0.37269917722809764,0.37166907440162,0.37075731733044853,0.3699624832159882,0.369283338529743,0.36871883430140484,0.36826810213949546,0.3679304509562798,0.3677053643738482,0.36759249879318745,0.3675916821127698,0.3677029130877538,0.3679263613253512,0.3682623679163297,0.3687114467070299,0.3692742862207385,0.36995175224181953,0.370744891080716,0.3716549335428473,0.3726832996296116,0.3738316040051959,0.37510166226879665,0.37649549807821037,0.3780153511776601,0.37966368639027476,0.3814432036439251,0.38335684910827833,0.3854078275310712,0.3875996158729074,0.38993597835248595,0.3924209830283147,0.395059020058852,0.3978548218009356,0.4008134849266136,0.4039404947614478,0.4072417520734453,0.4107236025714847,0.41439286940603054,0.4182568890037598,0.42232355061227717,0.426601339982334,0.4310993876740418,0.4358275225418461,0.44079633103213983,0.4460172230192965,2.5030882505722944,2.542573486123633,2.597530525707721,2.6219077270075006,2.695034962969644,2.7730144271831962,2.827322754717281,2.886347454453689,2.9359304847641994,3.0298877831867523,3.0951869985122937,3.193896555897957,3.29203318277818,3.3861876530821045,3.4775575239128096,3.5756846359987877,3.6912716432769677,3.818896733733373,3.9782816188140666,4.106889098030474,4.297082042370487,4.472447305066525,4.648052186974606,4.887904720716601,5.091948654908817,5.392526041146005,5.625075358635199,5.9863599792734785,6.32253113766407,6.768278746579856,7.276135428524706,7.800543641187373,8.526405555754204,9.246784175561656,10.243506220130493,11.269423322314408,12.851632179623486,14.536401827990678,18.41401381787302,18.29002683963014,18.168435180266503,18.030863085319798,17.869991839353506,17.637551890127778,17.417533322853323,17.148142076230734,16.816665965491953,16.40017336320906,15.836208109462715,15.215715376568289,13.22485212780986,11.600341076399113,10.087073756996633,9.127509613496109,8.166484397762826,7.513258502361215,6.8755863314000285,6.336749147881106,5.943704229343506,5.553116699188161,5.2442100991918945,4.895627042555896,4.682892896283448,4.426672867274224,4.263784257706378,4.0438949545570315,3.8431873958995,3.6897529394071213,3.5605025616206003,3.436445321771123,3.2913420247545364,3.1999527847494864,3.0930187845390598,3.0166308181222425,2.8994639121935974,2.811030083294266,2.723828652913028,2.6689214175204485,2.604010355626994,2.539016632402875,2.476637383304506,2.4297540038989434,2.365151122074024,2.319034746755728,2.266266560741223,2.2247609944560205,2.195471038990048,2.1437036568225114,2.1005166460359432,2.0602523882866626,2.0348630980935964,2.0217696203018374,1.959692100797401,1.9467622934478543,1.903530140796042,1.8903507947224119,1.8378470080862261,1.8321949304940521,1.835990346386756,1.7736669713156803,1.7529127728082305,1.7351160176693137,1.716352192136122,1.6991276302126967,1.709906428094836,1.6807923170448322,1.652464611951767,1.6426245917908826,1.614577783218895,1.609735116870619,1.6009257160281165,1.6109245741918232,1.5844581186121953,1.5848158798521041,1.5663220868800598,1.560500971734508,1.5414767363222666,1.5500420513803481,1.5247169032583505,1.519193907227501,1.5284853883259677,1.508560462732882,1.4915104147390024,1.5203466485829247,1.4865750502271562,1.4970769625950855,1.4880883319027358,1.4728247135633752,1.4877240352109358,1.4773390994769995,1.4968606447116017,1.4670380367325933,1.4743989843063428,1.4844755979126611,1.4957914613160161,1.4770112796151935,1.4763371525476299,1.4894497512875857,1.4855113063728038,1.482526459844847,1.4762377474152446,1.4707495536822488,1.467933606515285,1.4952432450164075,1.511034153358211,1.5016164597403419,1.479178155358868,1.532681022065713,1.5100530343401357,1.5089674274225557,1.5331576406410603,1.5330725681340414,1.5287241273806744,1.5413751515504481,1.5627909543939464,1.5618030933009135,1.5901007260734699,1.6051630986429206,1.61047600859057,1.612231447011419,1.6202999279303627,1.6805135528144721,1.6781194478593995,1.6686401323285773,1.6946608012756372,1.7291881956924355,1.7250844835593837,1.7469364107943663,1.7703383790229106,1.7999406035380612,1.8379053804685452,1.8313089753598015,1.8695535131301306,1.8948869450068888,1.9180650019566423,1.941109392367844,1.9785130163333071,2.031709851880394,2.056935932302493,2.073281486466357,2.125361837378102,2.185445994017115,2.1997201022227593,2.2588197552890086,2.304836612616283,2.3408035767295132,2.4039661997932456,2.45908001976218,2.521795949828069,2.538336807902609,2.588335886039353,2.64388187860507,2.705877023419934,2.749354501873984,2.835540800296528,2.8764485870922676,2.928063251254252,2.9924276555944282,3.0424590658213306,3.080670846265801,3.1435281731466147,3.2138926687470644,3.2711248897874188,3.3669447898349913,3.3851888448279377,3.455749283014456,3.561508508989007,3.6007028396609297,3.673078329941316,3.7243988010399227,3.821432029978445,3.8756205541808684,3.9512093376423363,4.01872264251997,4.077135728081741,4.184055408189567,4.217963099020548,4.277173957858533,4.337099411666711,4.439512056187643,4.490101967200745,4.548894949466825,4.621478751976645,4.7052216660118935,4.792310820665815,4.82366785641773,4.9004441748602865,4.960661621623899,5.031794495074168,5.1113997590201095,5.138323760823504,5.219442026490754,5.31349280265066
6.4,-0.054086205206467224,2.0,5.469789135361162,5.5188322766673945,5.5959190708483915,5.641905853925522,5.7087776521662095,5.7960497582413195,5.861891624601372,5.906952052982165,5.968000145768904,6.0125382237448886,6.0713815697769355,6.1441670991999064,6.1809390616052795,6.271244550806661,6.296749614499549,6.338754698041322,6.388197176346302,6.458874867989964,6.5118698654408105,6.520241157599538,6.588824044677306,6.647203301484904,6.6642056381922075,6.720819260860216,6.74599483881605,6.791785215257669,6.786798883921429,6.8052753992958595,6.861115219855756,6.874597722564146,6.933306712084516,6.935308911767646,2.8014232445552536,2.706891140242638,2.610257007506455,2.56960717574641,2.51275470395739,2.485995479546447,2.423271505918866,2.408920809690848,2.3507390740740544,2.315783229735316,2.2838437591349576,2.2598123079998502,2.234439414102513,0.5321421537802887,0.52239993287609,0.5131615726198876,0.5043953156369091,0.49607215945319577,0.4881655702149206,0.48065123163030743,0.473506824193445,0.46671183052655185,0.46024736331968097,0.4540960128799092,0.4482417117460816,0.4426696141963874,0.4373659887874575,0.43231812232584615,0.42751423389414633,0.42294339774158296,0.41859547400832225,0.4144610463885972,0.41053136595388,0.4067983004568567,0.40325428852249934,0.3998922982062363,0.3967057894628914,0.39368868012520547,0.39083531503862107,0.38814043804068116,0.3855991665097277,0.3832069682393769,0.3809596404231026,0.37885329055774347,0.3768843190963135,0.3750494036995421,0.3733454849524331,0.3717697534271095,0.3703196379865451,0.36899279523569906,0.3677871000372506,0.36670063701873923,0.36573169300659936,0.36487875033045525,0.36414048094823026,0.36351574134921266,0.36300356819830487,0.36260317469033476,0.36231394758859664,0.36213544492678906,0.3620673943582747,0.3621096921411632,0.3622624027521723,0.36252575912658747,0.3629001635259853,0.3633861890397416,0.3639845817307751,0.3646962634405177,0.3655223352728164,0.36646408178140866,0.3675229758908253,0.36870068458614524,0.36999907541299204,0.3714202238356335,0.3729664215080831,0.3746401855208082,0.37644426869413433,0.37838167099881825,0.38045565219467514,0.3826697457897595,0.3850277744355832,0.3875338668884285,0.3901924766832077,0.3930084026848371,0.39598681170303046,0.39913326338018235,0.40245373758903874,2.2033878757598004,2.2356767134314945,2.2598633751693162,2.2695073641337693,2.319634231462482,2.357186991917965,2.396479183255394,2.4397704163764793,2.4682213484571696,2.5331092822065706,2.5770855097032475,2.6265998924162126,2.671492321914465,2.7193572138411537,2.7899847120942862,2.8453848323926616,2.91844667366036,2.9716705243126333,3.023549329993659,3.1355813263948296,3.1879509638562538,3.3060738074098084,3.4056516475653065,3.5178831358451745,3.58701184840032,3.719632974708534,3.8400908024628486,3.9889117551997235,4.146309620057803,4.285824135068752,4.483932272826254,4.674863501560207,4.892667674302926,5.069903662210013,5.346622125458357,5.627249185451256,5.970590469116749,6.346376695839027,6.721583278600338,7.2262857906043685,7.695468416347633,8.393119551028114,9.06382264330797,10.002411924109651,10.993324196826261,12.46279883924857,14.362552800282655,18.26940555327306,18.144448173754682,18.021341254348222,17.87948846483735,17.70004670140461,17.503804598884315,17.23703418254702,17.006289912479463,16.678888127334737,16.33240262295584,15.823086547105763,15.264918932355734,13.725685195640093,11.977258392292539,10.348226935276845,9.13082517479392,8.29774399274495,7.499602916643614,6.963761670701827,6.378843468557284,5.987846041334823,5.55424031582786,5.22501228469561,4.916753257371197,4.626127572235608,4.401102995176867,4.185573628817145,4.028790112203712,3.8396820210637927,3.7069435004024873,3.5507834098237776,3.4102907534535287,3.28203279082978,3.1665215719780497,3.0523104511765022,2.966347902464614,2.879107863111706,2.799440422419892,2.710938573493894,2.6436891447679853,2.572958758034773,2.493413697293416,2.433450123186327,2.386041788823632,2.3338641445539703,2.2933728885728337,2.241064572789357,2.1942425915553136,2.1646785511683766,2.0978670086483797,2.098573816565309,2.0344062299927916,2.0066231937592574,1.9450265712420507,1.9252154163662887,1.9012948816720168,1.8837930144311743,1.8729496894142554,1.8393354129573538,1.8092927542240966,1.765602590360756,1.7764845342439157,1.7375462631390521,1.7122730491816773,1.6904706344234641,1.6729985451150289,1.6723391713676952,1.6268015736853285,1.6374243476019192,1.621620848114517,1.5993758095556743,1.6144846236934316,1.578828861123075,1.5458485701091347,1.5478610756302298,1.5320324178346427,1.5486241817700466,1.5343944450659868,1.528374664546613,1.5123323957111061,1.5064419672576437,1.5068952138640033,1.4895174593096427,1.4670563137154098,1.4825216194179245,1.4967950291285375,1.4534168772490146,1.449423924553123,1.4594852824374422,1.4747374191353613,1.4489020965554855,1.426661658192004,1.4394647201533577,1.4539312793699048,1.4390231618182536,1.4537640646305467,1.4126658084288073,1.4228088267339671,1.4640620176827477,1.4436354698889493,1.4363213723183308,1.4405118171086426,1.4774794165003708,1.4587096182974686,1.4507788844738088,1.45842663548751,1.4488825880929659,1.4745835553509155,1.4848490284325333,1.4718913425036093,1.4858692178392865,1.5059966278541401,1.495131109868432,1.5124859179100754,1.5113591438433394,1.5247722540607147,1.5464594442291677,1.5564418085248206,1.5816591855300561,1.569795629133793,1.5628975584393123,1.5813189986387062,1.6021499105291583,1.6304479610489095,1.6503373332671578,1.6365332600701314,1.6741959676892189,1.6676178498822976,1.6979223578501206,1.7032892884694346,1.7436544654001835,1.7564071768560916,1.78563858130717,1.7953699635209688,1.8469831860303767,1.8591982594515348,1.8758901525045284,1.8879177754800265,1.9440326026689405,1.9730408735103167,1.9967843304194308,2.0477951572969895,2.0693109077058596,2.113750250838102,2.1529622466398344,2.2034978137601717,2.22108649153361,2.2920064147329655,2.3489488570499777,2.388898214122896,2.465165444956874,2.508652911066724,2.582370673846861,2.5981075560237663,2.686291199282433,2.7684338857383817,2.7893049846164786,2.8643677688118965,2.952404455406694,3.012106911552805,3.055029657129921,3.1179279479966184,3.1926591440337293,3.274684196594569,3.3225183894052974,3.401574194887454,3.4663251305672373,3.5533600287171896,3.618976515758471,3.691830584488054,3.766159318487154,3.825971434434214,3.888074167349149,3.9607411102314884,4.058755429066175,4.137699422566593,4.176804761321165,4.248656562786587,4.326221047433945,4.436202235650837,4.48268403137363,4.56790378747684,4.626335388442464,4.695123197374848,4.751021818216758,4.840463720948318,4.9375504765577904,4.988954064444796,5.063655651119723,5.1074805361658315,5.216316695400358,5.265404135378886,5.308107548592867,5.390445635140896
6.5,-0.010476450783783823,2.0,5.5818754089740885,5.665828327127034,5.726383376962585,5.784104717367949,5.83817243643213,5.906137778790819,5.989686121501806,6.04503592848951,6.076663090318676,6.155741970406104,6.2092038349203875,6.263705362411278,6.313328913618862,6.37966465397597,6.450212251066829,6.490983688310376,6.538131666479086,6.594203098522343,6.644033809885569,6.684755603264209,6.699251126726821,6.76324626622445,6.7809984988911705,6.82962892787891,6.885619830953776,6.936137123910014,6.965745323197439,6.987719713413161,7.0068479368413,7.067688183869218,7.098244014205001,3.030373246821581,2.8627476385462516,2.7783243642457505,2.722306295607342,2.679278734867258,2.62004449113106,2.5634973003904173,2.52287847281234,2.4867473989283,0.5862420976760356,0.5731185241239896,0.5607367807200795,0.5490424862726105,0.5379865897107408,0.5275247387366354,0.5176167363705618,0.5082260714495366,0.4993195116113447,0.4908667492848557,0.48284009281680607,0.47521419617354765,0.4679658217249408,0.4610736314943718,0.45451800298137335,0.44828086626108254,0.4423455595612936,0.4366967009318434,0.4313200739674734,0.4262025258362112,0.42133187611038336,0.4166968351045356,0.41228693060018784,0.4080924419867244,0.4041043409751498,0.4003142381504138,0.3967143347214979,0.3932973789088444,0.39005662647802547,0.3869858049884756,0.38407908137803315,0.3813310325491507,0.37873661866191516,0.37629115887331177,0.3739903092921723,0.3718300429455648,0.3698066315755273,0.3679166291054468,0.3661568566334113,0.36452438882584076,0.36301654159889646,0.3616308609878205,0.3603651131156751,0.35921727518309504,0.35818552740981624,0.35726824586700895,0.35646399614695984,0.35577152782350946,0.3551897696629571,0.3547178255509716,0.35435497110647307,0.3541006509585439,0.3539544766672408,0.35391622527378197,0.3539858384700239,0.3541634223814611,0.35444924796224464,0.35484375200496066,0.35534753877217784,0.3559613822611318,0.35668622911738745,0.3575232022179826,0.358473604949446,0.3595389262112636,0.36072084618090383,0.36202124288247084,0.3634421996075127,0.3649860132435537,0.3666552035736415,0.3684525236187127,0.3703809711039984,1.9951226826810535,2.0274600028257073,2.0425544375476368,2.0569520909610923,2.088238250420704,2.0861327003973105,2.1353232977877847,2.157472209689912,2.183422022981369,2.2025200795724107,2.235398723845439,2.2696312355595176,2.2947876368980507,2.3312751135012966,2.362062357012495,2.393379622499948,2.4345432968436045,2.4482069764263543,2.5204629142338053,2.579272277819911,2.6517120193659722,2.683898087391625,2.730816323995839,2.779987412070884,2.8499445052133123,2.9089948287476135,2.9864330408296684,3.043127503920093,3.148476364291706,3.210097248768249,3.296794431971569,3.3851493336851193,3.4985101395616574,3.6084593745559688,3.7085821647260016,3.827647348940204,3.967005942649472,4.128082033967481,4.292822412580059,4.461900838718117,4.655557114046845,4.832321884282146,5.041649994968522,5.281029324493919,5.57501382994631,5.874712870287694,6.238470718019378,6.657651234978572,7.078100860694919,7.591757041695976,8.13534341106862,8.877269107964727,9.631213807393802,10.722193806546432,11.850198922593158,13.531251225154648,18.03491072389208,17.986228309902618,17.842345180865976,17.75184890963866,17.551949070712663,17.39454212918327,17.13675453238916,16.969792025168985,16.619656365211778,16.248645110976025,15.876310700396505,15.279923956937198,14.586340377401228,12.4245806729619,10.915160634061804,9.551663162136386,8.471219840595674,7.765110614509724,7.032055856239764,6.543806267583985,6.03872293397616,5.661839157317671,5.281824832659105,5.012803993214785,4.706097323895427,4.447239384217509,4.243856765753806,4.02916120095425,3.865961603830679,3.688952504681385,3.5615256709004766,3.4088098588914497,3.29495685777554,3.1704009921966194,3.045013621824996,2.948131171435977,2.854753144256622,2.7838501600837606,2.694755415460634,2.639125183010411,2.579756668219827,2.4966556532922772,2.4412080671798555,2.394212276292363,2.328966962236903,2.2834215921072785,2.2101100922650674,2.1562196778213956,2.1409400858361303,2.100863825146625,2.0547680729709406,2.002791164937609,1.9886930503122615,1.9522695720032774,1.9099751309228885,1.9138049238127206,1.8449868388806152,1.8513714854536014,1.8057340597193345,1.7866247239326054,1.7663644418530602,1.7367506765774214,1.7140978359199648,1.6895467389576495,1.679777498405401,1.6542853721611288,1.646983953688809,1.6554009641860703,1.597781581220926,1.607291458789129,1.5914586928417662,1.5828722901685581,1.5686123789892155,1.5613852840983058,1.5352571928533791,1.525476974506105,1.5233857594905442,1.5046699396452765,1.5079293573397066,1.4556111667499556,1.484059801951903,1.4789680978387783,1.460689129707799,1.4594157417791505,1.445227421015071,1.448943477759844,1.4329826235184409,1.4285406231316018,1.4469993841582447,1.460418250212382,1.4115849525316193,1.4245317694244533,1.4269050043998712,1.425892003512794,1.4117790684822364,1.4178087424713535,1.4403882148089275,1.4247772640809842,1.4292746199599564,1.4192846508016697,1.4288653420586435,1.4292474395164125,1.416745706196206,1.4493143394100405,1.429060455294469,1.4198007165335673,1.4407105511723022,1.4371369140790569,1.4576161346205059,1.4621189338810603,1.4632319973328805,1.4531307979941857,1.4764851543719901,1.4805874856749515,1.480033519566158,1.4945832373913384,1.5079942075560187,1.5435945825944597,1.5016604776090423,1.5473475912389594,1.5315576857547781,1.5402368334350323,1.5914532570874025,1.5834503942646867,1.6078545161966078,1.6274233124632633,1.645134921037549,1.6362645426878548,1.6560865291660005,1.6877186867528384,1.6962562423112086,1.7192778241817666,1.7537675955329393,1.7596415381036583,1.772894741526442,1.8079675270774191,1.8422208293619373,1.8510997084504694,1.8933510226505426,1.934438671388139,1.9723489177877795,2.0119454266668044,2.03019868135254,2.06856386546174,2.100123646072492,2.141759433605138,2.1912350310607773,2.219339187332156,2.280288532138834,2.334767722109997,2.36918101572339,2.443267024474271,2.4877906805760164,2.5878321319558326,2.6223675192802975,2.724891370059756,2.7758356599216905,2.8492983143175437,2.918120221767779,2.9913166266625204,3.0777664641077283,3.1291344422385463,3.2094129246960708,3.282552649587432,3.3470946187968744,3.4177605922736136,3.52608174779917,3.577049827516815,3.654990464934053,3.729583944390126,3.811922867747488,3.8990421132094464,3.9737354227100994,4.052379813999011,4.119544607842856,4.217626319249065,4.302544913543012,4.382277183253284,4.42950300936696,4.501976015768632,4.607198774924156,4.67326549728915,4.767180081675443,4.855172414540101,4.914091015946572,4.993673693552672,5.055140272847054,5.140530655786683,5.18243820144519,5.2978240254129565,5.357949873925953,5.451416083231332,5.502740959310019
6.6,-0.013370604948664246,2.0,5.733704507906431,5.813294399912816,5.8721125215048495,5.942449733441658,6.008760658112565,6.088750855379257,6.151308968881166,6.2304202913941396,6.297451598408402,6.318242655645714,6.4064533167731454,6.454704713205694,6.533676260308769,6.5849185078106425,6.647379343306858,6.699617758722944,6.721994726135794,6.777294507266258,6.84388967500557,6.909105391377868,6.907889982833876,6.972977415590038,6.994951480793348,7.064699614222015,7.062082138472428,7.1127101190260715,7.152158371408122,7.161975316601942,7.241739468542682,7.239199933413062,3.1119412062615885,2.9876551185814644,2.8995733633612866,2.835924310944146,2.778342999203444,2.7221405606108897,0.6311354675661324,0.6147955478717122,0.5994584077061138,0.585041802545829,0.5714723853199126,0.558684541093906,0.5466194004475523,0.5352240003860865,0.5244505676844363,0.5142559043290601,0.5046008584933483,0.4954498674848255,0.4867705615060496,0.4785334190059734,0.4707114659639624,0.46328001272146,0.45621642301598064,0.44949991072518475,0.44311136053175826,0.437033169301449,0.4312491054497568,0.42574418397562336,0.4205045551775628,0.4155174053507751,0.41077086800228624,0.4062539443227815,0.4019564318247548,0.397868860201986,0.3939824335893879,0.3902889785083409,0.38678089687363,0.38345112351635474,0.3802930877446627,0.37730067852248395,0.3744682128970043,0.3717904073495245,0.36926235178260164,0.3668794858897542,0.36463757768322613,0.36253270398093207,0.36056123267623746,0.3587198066340922,0.3570053290745883,0.35541495032057224,0.35394605579976085,0.35259625520413734,0.3513633727204156,0.3502454382552525,0.3492406795877867,0.3483475153901443,0.34756454906386264,0.34689056334687485,0.3463245156518374,0.34586553410225873,0.3455129142381777,0.3452661163680985,0.345124763548583,0.3450886401773879,0.345157691190357,0.3453320218564946,0.3456118981697995,0.34599774784057696,0.34649016189311294,1.8563012392283271,1.8816676131465426,1.8661941731647635,1.8875392872035288,1.8926117486165663,1.9186802571640733,1.9233914996620474,1.924732236566859,1.963526922154324,1.9710816526283033,1.9749342046641398,1.9981683164714799,2.023255049879253,2.047743838842525,2.059364023438468,2.0773614745726445,2.1004947616331067,2.130416229491858,2.127119019884519,2.163299019680205,2.18277301828866,2.2237177260800944,2.2584120932155227,2.282111289486718,2.325426445650499,2.33368335398621,2.3949286222041883,2.416771099393531,2.447940978299662,2.471681259466327,2.5386272945579393,2.5981058970186215,2.6442976577385027,2.680654727705118,2.7518384392094153,2.7909974150896546,2.881681093743186,2.9171829421200735,2.9887007679358,3.057183681176654,3.1331533728038794,3.2190703772667724,3.3034743435011245,3.3647798520978505,3.51462334606082,3.5889310229714932,3.7042032880164246,3.8163277787983194,3.9633692994707888,4.098037778969397,4.245369545482866,4.408789645622321,4.588155674091086,4.792293385136305,5.005346250879115,5.258421244984418,5.52283916786528,5.805175132041981,6.160364367835651,6.516992621427009,6.95122705551454,7.374210649774243,8.02254124717119,8.608886829706156,9.4436485258463,10.471856136671649,11.514363089952964,13.07477228051114,17.92751939813922,17.782757352684573,17.703109907763952,17.568901889987032,17.43276803501313,17.237695329860394,17.020924305306327,16.80406888468876,16.520957408565614,16.212675015973563,15.817527572157115,15.38813299858068,14.709360468132864,13.337247838952129,11.301267960434245,9.825568455783662,8.819742174479211,7.928114702804474,7.283224544381946,6.633676610919269,6.176932360226491,5.704693427422883,5.376064010994922,5.033603754965023,4.74397309999709,4.49920934704018,4.248156016463658,4.049014995598239,3.862653638479395,3.718160475479511,3.567595868021963,3.425430481495669,3.288198445761776,3.164391583040249,3.068996477145024,2.9634179942339602,2.8885192979609733,2.7627928843938503,2.7002669732494815,2.6163354083206616,2.5506619073382977,2.5101331738448294,2.419966298668012,2.382486626024054,2.325850822387863,2.258358778871233,2.214005523624007,2.193475478990101,2.1139806578049614,2.070195898838838,2.053107123289524,1.9924208985154808,1.961783522604201,1.940549379207613,1.9013554045860677,1.8772597210200574,1.8679687450921085,1.8079655237202692,1.8017930171552474,1.7933145790222218,1.728775988866688,1.7346378163318321,1.696740353540717,1.6692426514920646,1.6590763269234026,1.6397193724274743,1.648081644200904,1.6337247519884832,1.5853088213693756,1.579400020720349,1.5635589056062456,1.5822341734748817,1.5207504976947868,1.5398580605114025,1.5138204924001684,1.4997448456313884,1.5035637624244946,1.4639471659797063,1.4776007155879856,1.4919275301486143,1.4781097206244396,1.435881537674963,1.4516586806633445,1.4383732974318943,1.4303337352709349,1.452578056449535,1.417549316664881,1.414284462535408,1.4275886306882706,1.4120651466105139,1.4156670551902089,1.419318339578516,1.4035287406205954,1.4136791240581725,1.3937964776840037,1.3917881758954382,1.4099360219263288,1.406679400414455,1.3948391086013598,1.4027237449953018,1.389564105326091,1.4033844327663056,1.3993712943462004,1.3735513739148684,1.4179635916146498,1.4374942924276515,1.4288570232160318,1.4250892503564179,1.428037637271331,1.4461764821802368,1.454406360409441,1.4510621780877482,1.477123272355567,1.449335385283017,1.4672196566779916,1.481228325639299,1.4776715054062577,1.5045886270031181,1.5143855692988644,1.5295428683933965,1.5160981939556066,1.5385706855014425,1.535584795013967,1.5650328297338663,1.578837833021745,1.5723406985866148,1.6012517702093705,1.6199270596900561,1.6461891382321734,1.6710573389510992,1.6814838369154714,1.6650811119109468,1.7520064617410727,1.7360138165947847,1.7400760540438216,1.7771699519792588,1.7906160791684504,1.819154297559761,1.836590957105351,1.869769542710902,1.9271011122671815,1.9444533339587151,1.9940015008869492,2.025180896523063,2.0445208060247535,2.09057514303381,2.1289202376391976,2.1709988043128527,2.211011770845709,2.2765025760509565,2.341386485357436,2.3735459078348042,2.43444360848084,2.5019526686758686,2.5808088247817205,2.6421052482704854,2.706674293474307,2.829232294871183,2.899928066673343,2.940259833619261,3.026837707913251,3.1301259026883956,3.1858293397512623,3.2925035020332114,3.377961928005342,3.4391533754324297,3.5450077847444255,3.6186868700381787,3.7082600811449242,3.764906802205467,3.866055418521265,3.971950802136663,4.033635139940465,4.10862332715008,4.195452763227436,4.297647378360685,4.390141800574347,4.481547123529501,4.5483264607153355,4.622731365057512,4.723118003863269,4.8263543046199056,4.887716568451329,4.975994455005153,5.047303831739443,5.136167011048252,5.2104175410180575,5.281123646586157,5.36128809190894,5.429558916147112,5.526422809315744,5.593459328253665,5.651261323644366
6.7,-0.05042837509896602,2.0,5.932446808533911,5.988811716226713,6.070575697201459,6.156597080988919,6.205935445875809,6.279899066512657,6.348797667334815,6.408066839600549,6.462448809269397,6.540547143407094,6.618372927760612,6.660149742875292,6.702595559303753,6.777097591622996,6.8643522783926825,6.893703684502686,6.921201022406526,6.986530054782,7.04099135671629,7.070945308243736,7.130804851724233,7.176411836414948,7.217485241326433,7.235267687664647,7.269760988098459,7.302413875531512,7.333081003160837,7.388931995396414,3.435929635215757,3.2001719794485726,3.105583508109982,3.0009202139292173,0.6913922637617843,0.6707190726115962,0.6514390249082921,0.6334240546796834,0.6165614733752673,0.6007517356376697,0.5859065838315882,0.5719474984897257,0.5588043974171525,0.5464145381252442,0.5347215874708474,0.5236748295302089,0.5132284883358139,0.5033411465144587,0.49397524436045037,0.48509664666483526,0.4766742668560262,0.46867973980827027,0.46108713613347685,0.4538727119596909,0.4470146891708726,0.4404930618805561,0.4342894255701801,0.4283868258680512,0.4227696243982011,0.41742337950672026,0.41233473999002246,0.4074913502158246,0.4028817652522111,0.3984953748101458,0.3943223349660322,0.39035350676813874,0.38658040094786217,0.38299512805705777,0.3795903534387417,0.37635925651253715,0.37329549392014655,0.3703931661314155,0.3676467871594957,0.36505125707528824,0.362601837047662,0.36029412666766614,0.3581240433427242,0.3560878035711806,0.3541819059290178,0.3524031156194806,0.35074845045308034,0.3492151681402867,0.34780075479241396,0.34650291453797605,0.34531956017232385,0.344248804767836,0.34328895418046873,0.3424385003961958,0.36058065142970924,0.42487512231139973,0.5172653816066725,1.8268663498945081,1.8197010288050073,1.8499090608063922,1.8483918683999043,1.8478530694025852,1.842703630660526,1.8474514229093821,1.8556593373249815,1.8623279924727512,1.877478682376962,1.8715809992684675,1.907828787760386,1.9025651449572178,1.9304431384083591,1.9073520517873563,1.9362079509904386,1.9386720006183913,1.9680270973308371,1.9803100493705412,1.9735487509217986,2.01316549268053,2.022732399008092,2.0255796518624347,2.0785236866326033,2.0682660109755884,2.0934082405380825,2.129072225854584,2.141601055194415,2.1644333123949897,2.192145017246132,2.2399913680175207,2.225440054107093,2.259254788975738,2.300934523798561,2.336650222711153,2.370991691975395,2.414929202910486,2.4422677190637687,2.4760438475313946,2.5082875628465056,2.5583861123999028,2.5977737079343646,2.656947428256729,2.706509200563248,2.7566781354119327,2.829092003515454,2.85656786509401,2.9356362371556113,2.985781545579862,3.0848849588919998,3.13185172320842,3.237091542722197,3.2987280764939397,3.4062500679353604,3.5335413672295535,3.5977891401022704,3.7230291336688848,3.8400212937769314,3.987515374876302,4.097300813709667,4.266881551430503,4.424614833998532,4.602583326267258,4.828039671959762,5.008696007792065,5.281166062257867,5.505001074728714,5.828828020279567,6.111969056392843,6.520273840566193,6.890558698171616,7.3804674126324326,7.98707825052849,8.571546109883132,9.399659205542699,10.224326505433739,11.389448515766956,12.639927309901536,17.706855586778286,17.6281473149272,17.516429510238268,17.391961996140846,17.258774455705286,17.064222833389593,16.87379112280434,16.64820980999065,16.440666579257194,16.06102156442671,15.740090631812306,15.260272214399789,14.609039078537233,13.550984187380857,11.45560621868413,10.113340076121448,8.897244700250148,8.083308120608159,7.272289957255881,6.636362273420879,6.171596108447972,5.686785855400363,5.36993481902902,5.02640823629017,4.7725021177092035,4.486512934098467,4.263859803163758,4.0415167108670715,3.8425671851641403,3.698500647137565,3.5200348034830555,3.3919483667009644,3.2442777227101973,3.163758655136014,3.0372670569245144,2.9565262639527337,2.8520873331108163,2.7786009967995056,2.688464639613846,2.604305857768837,2.552906875946963,2.4717805152180943,2.4117108204547795,2.3351419163429608,2.29231888934668,2.2622062250490673,2.1844613450611647,2.154626309697852,2.1069590862269996,2.063116201231883,2.015446363285656,1.9636890374911484,1.9536911673397963,1.9105959122969185,1.865910091496241,1.8624937236887766,1.82288612486099,1.8072741137459367,1.770434143276017,1.7621444771279176,1.7269321061249046,1.6863025013809338,1.6754019508621507,1.6685419255561829,1.6392655429251197,1.6244243691088598,1.6080767117538288,1.607271464464231,1.5702767487788913,1.5369860977852285,1.5325826807777756,1.5377100953239842,1.5282727960222344,1.5058584221637807,1.4886921086031637,1.4891570273561576,1.4883352806676664,1.4674773808577855,1.4639374023302651,1.4608990742481873,1.4424661015067073,1.4544015421730139,1.402137352740919,1.4051933131284102,1.4155136368777619,1.416290244333198,1.4102087293149368,1.4065391061930814,1.3823496706800211,1.4036279175828206,1.3916008190361355,1.382643575082881,1.3797678297284646,1.3879436618102776,1.3875394806920893,1.3689085740668254,1.3962163743045517,1.3792386252421815,1.3973471403467541,1.3799488121604349,1.3712313437246313,1.3905190103312692,1.39225945210293,1.3853290471923165,1.3748198256238444,1.3982030181995728,1.3983391363359916,1.4073282731688326,1.3983587135964421,1.405368002480467,1.4145345621660457,1.4271199705448359,1.4143214339007673,1.4491580195413114,1.4267185308728505,1.4478933945041463,1.4622318722404894,1.4662183239625164,1.4770318624811847,1.4823488775047065,1.5166747142782182,1.4976182808981426,1.539057951767102,1.541247627693708,1.5340297247930375,1.556665162876646,1.5808908116701894,1.5944422511524559,1.6056941866180967,1.6276609395742478,1.6526844348447864,1.665591898497933,1.6615845891992698,1.7028358098438523,1.7226500596829815,1.7349391274330797,1.790942899568688,1.7992331143189635,1.8086847973128994,1.8533493322475472,1.8710609303533015,1.8955711803169204,1.940137330822588,1.9913433384617258,2.0229394936131078,2.0603364934920316,2.090087285897903,2.1408351108789434,2.174282654379256,2.2558774945789724,2.2767926015973265,2.357276288305992,2.3998626537111067,2.462542742517298,2.519206093894839,2.5773619831568766,2.653098691770987,2.743107912339151,2.8456191206372843,2.9421253370872225,3.0132853991197077,3.0842837811933603,3.1777831890684576,3.2801786579372867,3.3641145205949883,3.4860513184566244,3.5637230803447335,3.6833438537341214,3.743493301371667,3.8686225039470363,3.960950830256802,3.997528905830356,4.136790324428348,4.206791553727897,4.318895614353674,4.392321177475207,4.479940932509131,4.5556536651959805,4.6632864823325315,4.756160712473577,4.824861648701135,4.954433537713134,5.026400727790737,5.106224890722546,5.197252760228157,5.309962720694306,5.364228979855273,5.452554602649555,5.535619275287718,5.587979229586871,5.701991257650328,5.781246445862314,5.847325854052015
6.8,0.1073056191152729,2.0,6.054224803176549,6.130023666318258,6.196408424208363,6.255159991631855,6.3462363295993685,6.41980137332866,6.4955160128158695,6.559908624780544,6.608736159549062,6.6822037132606775,6.776950080210314,6.82762440110621,6.861441588692798,6.932888661142667,7.001132357264098,7.071400762584699,7.100277401022193,7.14772737873038,7.191913256312297,7.2364492692038525,7.285871983593774,7.329314140660517,7.333219412478125,7.4177321851532785,7.463923484131899,7.502681507413901,7.494978386610811,7.545073329042102,3.4587120678902012,0.7625318711726122,0.7359723789341452,0.7114102698507,0.688637736572309,0.6674749853385578,0.6477656764796893,0.6293732275841506,0.6121777947439485,0.5960737910905728,0.5809678342795336,0.5667770388505711,0.5534275877103342,0.5408535309322385,0.5289957707736296,0.517801200089696,0.5072219677727414,0.49721484990314363,0.48774070929036384,0.4787640292525447,0.47025251001529045,0.4621767181438158,0.45450978106443907,0.44722712006352233,0.44030621623798305,0.43372640476092766,0.427468693557555,0.4215156030907634,0.4158510244570268,0.4104600934102858,0.4053290782801665,0.40044528004313446,0.3957969430510974,0.39137317512956765,0.38716387593328566,0.3831596725965183,0.3793518618424641,0.37573235782486736,0.37229364506807,0.3690287359517087,0.36593113225516893,0.3629947903363996,0.360214089571198,0.357583803723773,0.35509907495827947,0.35275539023492886,0.35529098106481094,0.3740195253550533,0.394959478942774,0.41851828407372543,0.4452101402115502,0.47569341178878316,0.510824950754206,0.5517409843397747,0.599981069264082,1.8660334675998735,1.8519147043326918,1.833085649485441,1.8562149928917928,1.8461880221345626,1.8341601123524016,1.8536490996285462,1.8414603817964723,1.844687507647211,1.834746451061187,1.8419267823188996,1.8697422690733536,1.8496933194466834,1.8527309869753161,1.8863607740048458,1.8816182754928596,1.909046473068997,1.899760205238132,1.8941434060630962,1.906074749196061,1.9145321466287417,1.9438376321776394,1.941263813049547,1.9436693717224007,1.9740658529137283,1.987831030353716,2.0178365291521203,2.020872882396435,2.057179460968779,2.0648379208324448,2.069483794136517,2.100135821393439,2.111996710965034,2.1367338144708357,2.160386635347435,2.185968400289229,2.220936093232029,2.2356725677810596,2.2609968437329995,2.2817157478664227,2.3289540940489335,2.361263723875623,2.3784226090491813,2.4233330382593445,2.4549687277483514,2.4850104362679106,2.5402338389849897,2.577231880423919,2.6067636552017652,2.6794076043596182,2.717677600883858,2.752408839367603,2.8392090408960287,2.892053916861028,2.9498509658767387,3.019745332754073,3.0865692289968303,3.1747002210372277,3.24851259097018,3.354502604433738,3.410685241416329,3.5116506721453886,3.611311163800454,3.752147232295374,3.891811944287833,3.967502232586132,4.135949339872885,4.281087429038829,4.450501228020494,4.616526474750406,4.811150063390359,5.023355630732394,5.284576622051321,5.5706196837746145,5.793156903606234,6.175099832026081,6.504152505863715,6.967216269809063,7.382979012585023,7.964253762778252,8.53262399717822,9.324069243860354,10.288519799630597,11.291127984205975,12.746463757366937,17.48760062615872,17.424746917788678,17.35290619364429,17.19967027979308,17.05910568344917,16.87957061818158,16.64563403487787,16.482435512791856,16.160142412496416,15.919156654435916,15.536883252475116,15.155313078549321,14.526147479457066,13.790679270450463,11.61512916641644,9.997354499802707,8.9531741377456,7.977205676612811,7.309554693460625,6.638180108911612,6.160117834723684,5.693569415272837,5.361667429306048,4.987923837331557,4.694521062680384,4.453376702551723,4.227888250645501,4.024133381155561,3.806343810593845,3.6823420883467186,3.5345904115439137,3.3589588429690638,3.2543490740573575,3.098815292001798,3.0045194020757675,2.9201548167341516,2.825199632563785,2.736415342072679,2.660033104322957,2.574791327987965,2.494663527555314,2.4363824161390304,2.3863977707662625,2.330207421842563,2.270632888398823,2.2231708105285346,2.178608580904532,2.1233665197863925,2.081230287852206,2.0591260190113037,2.0125087425325314,1.9635140711845465,1.9398804532256841,1.9238143263398042,1.8585628500140505,1.8434848305091878,1.8302085309011824,1.7799309786117548,1.747090945467287,1.742163039814852,1.6891554880973285,1.6873182306730634,1.6722040646898118,1.6551590625503643,1.6189417200757066,1.6233493071763323,1.591455232319523,1.5616481805776117,1.575118863304271,1.5370759282040123,1.5339330066364298,1.533018321764065,1.503305993213654,1.5031699422133713,1.4963277914567938,1.4697705585209615,1.4623872951794143,1.463932528313132,1.4473639562150573,1.4383681263037276,1.426791286116657,1.4126931083781291,1.421405941469289,1.3929947347719893,1.3895849538275147,1.411354813093317,1.3810993637789248,1.3807625286946767,1.3712539978588159,1.383549152246486,1.3774185337124005,1.3681680640903118,1.3636420985339885,1.3413130910843145,1.341003085074454,1.3554742792052963,1.363939805050735,1.358786381627388,1.3521065891672,1.350071029494396,1.3759304437637,1.3553789481827407,1.3562605104087857,1.3784428477422297,1.3886791758860961,1.3725375526222037,1.3829833568296555,1.3837492461728893,1.3693737795915235,1.3937318922811424,1.4009614057432005,1.3881840417154494,1.3865904002716722,1.4236327250271033,1.423834823192029,1.4369134378577835,1.4408710027955338,1.4306005770773937,1.4500875659646781,1.4683466942601504,1.4796337933581918,1.4823088672374891,1.4985876225475232,1.5154346524198405,1.5209820053791074,1.5282550226866927,1.5572721388218758,1.5640579939748827,1.5777979272366023,1.5721894159596193,1.6078263169738443,1.636060759323501,1.657249083717763,1.6648655981313187,1.7039122910827131,1.719038535430884,1.7372200025895268,1.7868577286619796,1.7977780127387692,1.8100061808809638,1.8585774830753783,1.8809978673961816,1.9209675082518756,1.9627615100763858,1.9826966939435795,2.003149091995216,2.06243782845063,2.0921976646847384,2.1619622256848205,2.187136461111776,2.2738093411858333,2.294390579152769,2.3650089437533732,2.4343341641577925,2.468244585539266,2.5960698492422223,2.6294136953134704,2.705348164894479,2.7648743649778984,2.866116003092132,2.9617733693502992,3.076828627477617,3.1655105215140926,3.264619051450091,3.4048522783977972,3.479527929292281,3.6121178363035935,3.6950154068779915,3.81490583142574,3.876472244339605,3.978030824064135,4.098121667475193,4.19363726555067,4.321146218042166,4.378888576500425,4.518664954251857,4.625772627397642,4.70715403942967,4.795448150190574,4.896032452073512,4.981769799045167,5.092518450824216,5.19129795170035,5.290743607798017,5.371484475790969,5.45592260896817,5.564051143110794,5.599496392884323,5.720973074696796,5.792008022147703,5.865312376715003,5.967672311200364
6.9,-0.12732951875927223,2.0,6.394719761560053,6.4170376157367075,6.516159625258187,6.596390449988963,6.649203158881695,6.737597012185949,6.814268112113036,6.901473435515663,6.954290939107495,7.0058622998349,7.068515666782766,7.094946502094181,7.175019808836679,7.254056877439372,7.290065843569164,7.331223785431912,7.394750649939079,7.433936787797312,7.477451683452031,7.502288080095497,7.539557809353533,7.602377463802741,7.654291868337887,7.678383876551536,7.700048968649634,0.8109026492862464,0.7801972175454782,0.7519530927441779,0.7258959406689723,0.7017908932428205,0.6794357053534235,0.6586552880485081,0.6392973056182859,0.6212286026165964,0.6043322838765529,0.5885053124167362,0.5736565211635235,0.5597049576510563,0.5465784984185663,0.5342126832060622,0.5225497293293725,0.511537694572783,0.5011297631409164,0.4912836340802633,0.48196099542652315,0.47312707039005286,0.4647502243343169,0.45680162326524437,0.44925493613513307,0.44208607455214927,0.43527296453660963,0.42879534582571543,0.4226345949365679,0.41677356878249106,0.41119646612322464,0.40588870453391646,0.4008368109158624,0.39602832385549314,0.3914517063767589,0.38709626783362067,0.38295209386007567,0.3841633171366541,0.3961250592908898,0.40898428232526024,0.42283957560709107,0.4378046349053332,0.45401126493782495,0.4716131279062768,0.4907904635798495,0.5117560879525193,0.5347630936283,0.5601148430845472,0.5881780929107813,0.6194004565163392,0.6543339760405802,1.882794804400023,1.877999861326897,1.8660225916590236,1.863332549305074,1.8605547572755134,1.8575280895361033,1.8671147774396166,1.8757011356353366,1.8574712319357611,1.8484016388403723,1.872155577823136,1.8665102451340232,1.8790439935233234,1.8561772333455486,1.8590447279239706,1.854926912146327,1.8827124072751842,1.8779002527326458,1.8628099572475472,1.8795244386087344,1.8978000482949,1.8983371088499832,1.919090684547494,1.910561271929943,1.9101900397032903,1.9245241509954893,1.9236235578751777,1.9538414835999742,1.98139121636128,1.9674704138810475,1.9991355955201808,1.9846810033573743,2.020739074153728,2.0328579386422785,2.082342093186141,2.0587199501395466,2.0869694033488346,2.0929061498978396,2.1072290893036967,2.1360138425549,2.172679566455618,2.206297307494529,2.218768198715201,2.2554481889765468,2.279423619662558,2.2886717046307625,2.3363405511577775,2.366976314194134,2.4029451366085937,2.413164623538279,2.4628844751538064,2.507900737382016,2.5733327721759807,2.591537915151654,2.6316588854541294,2.684996746163413,2.7502927619454987,2.7922551534835005,2.8331507424639457,2.8882603863640113,2.970804673197455,3.0584851703230727,3.0954837350022455,3.1702727364315435,3.264372333287582,3.341522224070209,3.4270858571394633,3.5191338085220703,3.5982252760380917,3.751004126656863,3.8581507202451357,3.964446486166108,4.151861111050995,4.24009696549253,4.450139219111898,4.603334843571238,4.791760901569411,4.993256229448796,5.255688808233867,5.511028396932851,5.7826752955559515,6.120452684840786,6.433573342081388,6.859725360676016,7.2952732497801325,7.852221052562474,8.380477728587934,9.14695508612732,10.04545676736301,10.987570862100243,12.355206745446235,17.330256202258333,17.236259951514537,17.157270386699327,17.054325712025925,16.915462882189495,16.739393580918268,16.529833603637336,16.341454219262356,16.075494693662037,15.804855095559676,15.468202773780003,15.105449673680274,14.567185556277442,13.886819387983744,12.0798901136152,10.331601021712919,9.227501369159762,8.176822005623777,7.447175271952355,6.755349176488388,6.272847962207986,5.785653994670838,5.41338046733704,5.025719513841926,4.7269247274310064,4.487300788282381,4.23394350403742,4.037307853596246,3.858351398003086,3.686196572104125,3.5143113423204495,3.376571312388432,3.232387994179278,3.1259005143904735,3.0062483551333594,2.8802820649073215,2.817065096270855,2.714480025811109,2.6539311943384822,2.583821404806219,2.5031095807921413,2.4408976320663185,2.361991732372341,2.327072023338615,2.2631401127775024,2.238258823381913,2.150962845355169,2.1052356477742213,2.064049270968197,2.011589540497567,1.991229652635235,1.9456458964177032,1.9103941186586795,1.89937083671058,1.8780300686639522,1.8113384683638245,1.7869500235690097,1.7777763427600448,1.7587136711322864,1.7125561893774535,1.7226510403704545,1.6806011067066373,1.6749438541134676,1.6449024930976015,1.607182470391466,1.604332603097745,1.572830868599325,1.549931939247615,1.5355422505310385,1.521817354362502,1.5149595149661472,1.4782753134893376,1.5013362792093923,1.4725850645245595,1.4553043894660866,1.4432118870790784,1.4184131404853608,1.4302051680625185,1.4318426056283922,1.429569831189871,1.3981758403507298,1.3857701431675276,1.4087631417424533,1.3895079395742997,1.3823035865277487,1.3794242542651332,1.3953833335237555,1.3646303751930084,1.359558310153229,1.3728340305969553,1.3505721597194837,1.3559613453215589,1.3552550833448838,1.3399636008963973,1.339906371771544,1.3378653559156106,1.341786727905384,1.3262246694532718,1.3368696271915155,1.3444013535759767,1.3364772302109063,1.3342917623333952,1.3422292757507608,1.3768350565370302,1.3626507972650022,1.3670087976870235,1.3708396420301336,1.353578546834966,1.3589503247989856,1.3819371913784888,1.370549388954602,1.3922239024699143,1.3670577553291858,1.41766684405124,1.381547181469503,1.391749220094367,1.425095781136407,1.4185163652414463,1.427389058913093,1.4476754841989934,1.4444010489842556,1.4712193190480878,1.4979214953028914,1.4832773684293286,1.4797971242617232,1.5076607949544005,1.5353999303373143,1.53823944370068,1.5480883639734881,1.5659645185446303,1.5910364357120796,1.5989196976477567,1.6041375517515704,1.642393576955782,1.6546454346740496,1.691629786979161,1.7037780776108575,1.73352620589335,1.7559651195984376,1.8046663319115503,1.8182341670485576,1.8433017361099102,1.8900647993038704,1.916887230016087,1.9242534298870275,1.9970096536406317,2.0134335918074795,2.0368890984115593,2.1022711263288745,2.1385822237720444,2.2031982156837704,2.237033469793326,2.2941311240212694,2.3622532000813026,2.402123577485004,2.49126782198137,2.5642033546141394,2.6428944375006815,2.7353079139482324,2.7988269096954808,2.90974021119222,2.9985224163777424,3.0815799157536246,3.230672188810666,3.3758359032393788,3.442859925888671,3.6077308056038926,3.6825970871651292,3.836257781909916,3.914669211616924,4.042860173737944,4.132578215479708,4.243277740754969,4.380946151043284,4.46483484961598,4.593826953923779,4.665828552881975,4.8142193176689725,4.906209633335868,4.9853470125142465,5.098680455098637,5.218511752191286,5.297903921116364,5.393957507077206,5.5031296337635744,5.5828914309927065,5.702690668920361,5.7921304732370595,5.860908597005685,5.952862657203545,6.03834573638344,6.135821293073856,6.2180792983443816,6.273370283129794
7.0,-0.05584212385833769,2.0,6.638274624211732,6.732619415788835,6.7856989390049725,6.895235128880116,6.9525567134084785,7.014524993400446,7.095580507099372,7.150508852901713,7.21002196494844,7.285096477723729,7.34363758196352,7.381153576933316,7.448911503687783,7.499875743249671,7.565074011656024,7.61149875833192,7.629961903901109,7.713375548081991,7.7186639257891825,7.76516803135069,7.7852881358462485,7.837221055107541,0.8838898775560102,0.8478801946666756,0.8149283340032404,0.7846720899635755,0.7568044561292642,0.731063504124218,0.7072244108575472,0.685093120306051,0.6645012618087296,0.6453020435685511,0.6273669098012913,0.6105828008472077,0.5948498930749925,0.5800797233477704,0.5661936238275499,0.5531214088280769,0.5408002676121572,0.5291738264225824,0.5181913503294377,0.5078070611795288,0.4979795524222886,0.4886712851414855,0.47984815245422857,0.4714791017078958,0.46353580573330594,0.4559923758922032,0.4488251108609163,0.4420122760759918,0.43553390957535704,0.430339527467969,0.4399850222817656,0.45021314894593223,0.4610719738347053,0.4726151360889592,0.4849026730266138,0.4980019969788927,0.511989056971048,0.5269497273701055,0.5429814769622873,0.5601953868169527,0.5787186050245074,0.5986973527731039,0.6203006318376403,0.6437248321296422,0.6691995049652184,0.6969946612652782,1.9645277416735238,1.933568329417313,1.948206832104693,1.9165232699627894,1.9200358462353802,1.9289739644552328,1.9069831362164287,1.877575589899994,1.908248667312122,1.8950437586709887,1.8925352557964346,1.8881406865496329,1.8776403142993559,1.882722820909089,1.8583863926030113,1.865278563095297,1.8894577831690165,1.8716284715925195,1.8740113515969785,1.8625349360073078,1.8974513227617094,1.8938700421139376,1.905858016124962,1.9025113814445616,1.8831155030963955,1.9280230882670697,1.9195944124475357,1.924638520622075,1.9384714948159512,1.9273166805830795,1.9541172733553742,1.9479062262631637,1.9782437523706848,1.959353943930958,2.0062217135221285,1.9993796440883367,2.015202198329132,2.0460737815458407,2.0537775308692447,2.0478842766807457,2.0895683966935135,2.0847849526900983,2.1335733315073333,2.133537421552527,2.1677328948066115,2.189881340983152,2.205576813936036,2.2170396279694398,2.2630361385209263,2.28449601785207,2.3229224402761055,2.3393947100618604,2.373653347523906,2.3963110648647667,2.431332592158289,2.4631391186113314,2.5032669297978885,2.5323346230632744,2.5929010314200873,2.6327959753560197,2.6739691646308037,2.7104883935159902,2.771848220290472,2.818737023983309,2.874585268923739,2.9524579504762523,2.9968135150151096,3.0848889885616986,3.1298271440637033,3.22813144766987,3.290900735563953,3.3914864117700647,3.50205146978792,3.5801282116286623,3.6725186649931607,3.7929828070857385,3.9165147228804464,4.044637546222409,4.206729326392577,4.319130365059986,4.506103595723777,4.646306118529624,4.871893026987893,5.0568669778428905,5.317576486112737,5.609361127076282,5.8678500040673365,6.173444695519299,6.5261690984796115,6.966400753801205,7.372548818670362,7.966840054685263,8.499083502506661,9.284012783446052,10.22867448814641,11.167663715226857,12.557571769389176,17.113591622883455,17.04373867930866,16.93961841283164,16.83237683602629,16.68420404938241,16.522872144953755,16.307462807965514,16.129598347165462,15.83205757926495,15.59898846975341,15.237158851810731,14.872897305053772,14.339519131550997,13.714870656721098,11.814974232810293,10.137686031225162,9.0182653534517,8.009564052859147,7.303471467840252,6.62719120324912,6.14028358966151,5.657385903208135,5.299589429710195,4.943873561775523,4.615645647164652,4.409152525431565,4.126215441227634,3.965631616741945,3.7605215632047826,3.5989732326572614,3.4517629213126226,3.3368717151084386,3.1840515514921983,3.0532892072133144,2.9607099060584234,2.844710550727292,2.7685536941935767,2.6900430104486976,2.6149884859495174,2.529487167348841,2.45700044181925,2.38412393804473,2.3100621351015773,2.2657391521809664,2.2169483970269064,2.1494641780339485,2.1328398333071363,2.0832081953937216,2.000601983020588,1.991775232762074,1.9230286844532571,1.9164961338255353,1.8920379762637272,1.824694690275519,1.827177985861958,1.7870888521647754,1.7500083343612465,1.7228329246899965,1.7040579011012913,1.6695538898548317,1.6504413956272843,1.6414599895240956,1.6148127997955282,1.6077105449856952,1.565464229101232,1.5647173384082327,1.5499588375203264,1.5307778859175267,1.5280465059604924,1.5018530014364675,1.4874006482038946,1.4657205359235486,1.476343249520913,1.425967493754761,1.4557226944766344,1.4307149917346165,1.4106310129676312,1.4004975422403407,1.3971940397940912,1.3921998955764943,1.3733711725537108,1.3881982710201357,1.3744261347065245,1.3554817577727827,1.3753752325498283,1.3239906973464222,1.344485548530659,1.3095996846820037,1.3523329345622828,1.3488019177954236,1.3112677586800578,1.327660322270349,1.3085116696600028,1.316052344607314,1.3289142196863373,1.3384652828573305,1.3103317150818208,1.3007462934866554,1.3201394734089826,1.3074671776919415,1.3142827048048746,1.3268904085769095,1.3214858641946625,1.3358703296800258,1.3257388744978245,1.3090778125171063,1.3407243797496633,1.3352288325503598,1.3366481127598064,1.339839171130326,1.3581820784219416,1.364758148068963,1.375660188890327,1.3526936181751539,1.3942985991814363,1.3797449100315102,1.379183870741301,1.4094661685007965,1.4065440609754676,1.4406059790249877,1.4239467466730873,1.4352037149065158,1.4501430689364263,1.4475533204662052,1.4650893492827937,1.4752619880330133,1.5192277086555428,1.4976918341413816,1.5266847508044978,1.536510106448066,1.567276199668734,1.596472988240246,1.608835491876493,1.6339453115119285,1.6395310126211362,1.6704546570717207,1.678588130026105,1.6991402030469718,1.7217086470998497,1.752437126977727,1.7896044616022362,1.8049614380304886,1.83424875146289,1.8772905910971842,1.9033111344731914,1.9484407137558735,1.9773967806363484,2.0020438075882887,2.071426999784624,2.110014865890722,2.1567905645251155,2.198053082462818,2.2617637145842644,2.29599169068194,2.378188166667408,2.4390066718252097,2.506309511135323,2.581587422586065,2.6834272055373107,2.738160064555367,2.8278751281097203,2.942875005891098,3.0415855755860703,3.156436401819647,3.261856381780696,3.4222356307055883,3.566325512351148,3.676300490683501,3.803248426791316,3.93353819722896,4.054943401377619,4.147764592682125,4.286261665315558,4.426494044275302,4.578211122196986,4.674831172047633,4.781859022771945,4.871858174562431,5.005161424263187,5.134977382414343,5.230027681833687,5.335688157448592,5.465096217189401,5.566701073338754,5.645596848653834,5.758706888032111,5.845834571556163,5.960257763799592,6.0189982458497555,6.1551064425431345,6.215361734316967,6.331460735767666,6.407249207566194,6.49871436071305,6.5835822739714365
7.1,-0.09565341797141712,2.0,6.459894869933456,6.56261838024916,6.661287855477875,6.743357638513684,6.832126308299144,6.923796523988093,6.9743317023936555,7.055441965195729,7.1148713561095915,7.232005391320284,7.279310952975587,7.349856872952738,7.415041373699158,7.4695062586501395,7.542327230141586,7.574243629516979,7.658610364690465,7.698842918230307,7.754393731199031,7.824666765355652,7.830065990192182,7.8761513220572,7.929504269392164,7.940863629432677,0.9401862370056738,0.8978076617223568,0.8593352761172507,0.8242654562047402,0.7921777573456249,0.762718431433429,0.7355877143703106,0.7105299146399014,0.6873256084318768,0.6657854368583751,0.6457451342976667,0.6270615119256066,0.6096091889861639,0.5932779142936115,0.5779703572696366,0.5636002752257733,0.550090984200581,0.5373740762805123,0.5253883382759371,0.5140788358265717,0.5033961341545915,0.4932956322683619,0.48373699181416296,0.4746836452529428,0.48252522305586437,0.4909451876873304,0.4998192361595842,0.5091780096004332,0.5190551305643782,0.5294875673235743,0.5405160532155037,0.5521855709890184,0.5645459141973395,0.5776523403094532,0.5915663334944822,0.6063564991669242,0.6220996176161755,0.6388818907178792,0.6568004242905241,0.6759649997335176,0.6965002030051964,0.7185479979359767,2.0192825503478136,2.031975813068155,2.005144983038271,2.0041047424136837,1.9741856973598702,1.9662379888933645,1.9728315852162066,1.9353603773463095,1.9343581130816043,1.9347415113287916,1.9230108328405786,1.907041920365686,1.9268307976979688,1.9207285251635677,1.8778609547824063,1.9129731956922051,1.8945343888684005,1.8965404472079943,1.8978081915793408,1.9183109075678877,1.9046026863391528,1.9041269210444414,1.9049126211291156,1.8896738999248008,1.902664353414347,1.8993785416655624,1.8954241180825646,1.8996486020664491,1.8739808312784516,1.90623300279324,1.9075571055945644,1.9236321767373394,1.9333692342135624,1.9383467643546874,1.9398184478060445,1.922752700649008,1.9727358299897626,1.985397464537088,1.9759672383075257,1.9818929271996026,1.9961364336956962,2.0138980509299267,2.0005270290560095,2.046578819160245,2.0663353160516005,2.0853879187208095,2.066588238585674,2.086829494737145,2.1117082145523147,2.1333862135788193,2.16104106800828,2.1739418205209047,2.2040200768909086,2.210295729460568,2.2828401649053878,2.2832789605203723,2.2942127631823968,2.341389761345367,2.3667218700900485,2.3980932626625804,2.445710199943526,2.4691912050534386,2.5056048161730518,2.5555925727150033,2.578187847403491,2.6254207034040027,2.6803989691396635,2.715051095663431,2.7959762277620395,2.828768199485801,2.8859426801913286,2.9284614357700693,2.994720253986228,3.0620535927005275,3.151807206399354,3.186648665464695,3.2859781375876023,3.3785957399640654,3.4598380367873127,3.5664735158929113,3.670835365662066,3.7785611936806465,3.868670226173507,4.007371060568353,4.147683420281342,4.31061710966334,4.44052184134694,4.629379462842018,4.829916139495195,5.023878977802805,5.2520747841033595,5.488233816729294,5.7779025358055165,6.117132825334252,6.432466054867918,6.853639466186322,7.242693032822143,7.8014825175747164,8.31574225226049,9.082788362495696,9.774457509302506,10.841971767924909,12.10997848946596,16.93469735831894,16.872416932588933,16.801498774856206,16.665230291890555,16.53148292615918,16.367929189843085,16.209115589120415,15.981126275754104,15.743053080985952,15.473606089949358,15.165980416658925,14.857325000621223,14.328517134469285,13.783806181910906,12.439896726196755,10.823897605789469,9.36177268057617,8.243074464679001,7.519570704210504,6.7693169149749615,6.282241232513914,5.769101003988134,5.372692733964051,5.021161666165723,4.728525602291208,4.450133413550261,4.203109853179657,3.988204270693231,3.805388160908319,3.6263779866529577,3.4469175643279035,3.35719741824035,3.1940015526943046,3.072440957964199,2.952731067715709,2.865749774655758,2.774200169842052,2.68326214908745,2.5943179468532787,2.5222191368611537,2.4498787656488457,2.3937666939453104,2.3323136705886345,2.2803280726832074,2.21809780990893,2.166940380838603,2.1128441238909352,2.090428234807517,2.0334409199331835,1.9740672949204803,1.9400100825955613,1.9293650237198459,1.8878520328602177,1.845869249822875,1.821659655127806,1.785829470298619,1.7573904627602133,1.705157829140099,1.7067260119069088,1.6588693618039083,1.662102420195595,1.6557565529776708,1.6065890127387237,1.6095863761714553,1.6003610208424333,1.5476022075955351,1.5498700701350392,1.5312571911491244,1.5020970312104314,1.5031768568985948,1.4770885728033447,1.4706817355771964,1.4736217093781647,1.449609525152637,1.4244145786676115,1.4180379175936886,1.4099183469167773,1.3914764481776696,1.4098903360874246,1.374406279721238,1.3874365906641306,1.351927302334342,1.365016450994536,1.3451102293264572,1.354181955011017,1.3428077877476017,1.3457142999238987,1.3395055144577295,1.3169449787627105,1.3306774445758458,1.334229954350587,1.3423224534263574,1.3094476590899595,1.3321998469999223,1.306732192086763,1.2967557538188426,1.29160395732065,1.306420273975575,1.3146513264011042,1.3033821611308503,1.3002242691855619,1.2985898468274726,1.2985888604590545,1.324720196886395,1.3130706226786975,1.3121331725015932,1.3234679969780936,1.3395393646663367,1.3214961025862042,1.336725076140717,1.33952524625087,1.33448891196956,1.3305378006346322,1.3385430452334774,1.3820168788342333,1.3560326453489622,1.3672106001514674,1.3832537163719836,1.3833384469770784,1.384283657788195,1.4119128654648174,1.4272588647858406,1.424564709369785,1.4537430862205631,1.4522421425213694,1.4739906646196148,1.4714496043833851,1.4931231033946315,1.5102430258212274,1.51808504824282,1.551926538585832,1.5510604430664847,1.5728688794696017,1.5969878176620087,1.6253524602888452,1.6483530681599072,1.6406213624709962,1.6626238742975392,1.705116540864294,1.7086181000436889,1.7447448295357697,1.7745642160441824,1.8292166516714214,1.8359401634043093,1.883449419684462,1.907822354586029,1.9383614067209936,1.9658373252763792,2.0197908547853785,2.074059334841168,2.129200705219087,2.150041475904766,2.2315449376017997,2.2617829288972873,2.367376258091895,2.3967954673614607,2.4403483589746955,2.5195155083075096,2.5962326532680384,2.6968126465498248,2.7856744462425276,2.8820716852694166,2.9655252462278128,3.0880042169431317,3.202961287208131,3.318878590146827,3.4613250315702886,3.6525151459479828,3.7862980304853746,3.935550013359636,4.09950055931172,4.218545468133818,4.364126557054013,4.50263601227282,4.59109214114363,4.7174911153809465,4.8557468924256,4.984967875814631,5.0784685844998725,5.247905196848529,5.322090493645049,5.45759209081833,5.545512624033569,5.665875254257013,5.753635373620405,5.873677576293765,6.032194355392477,6.098433231832942,6.200227881072498,6.28192791948847,6.397120707887266
7.2,-0.045345258914211664,2.0,6.665246052561539,6.769696938789889,6.87927381607446,6.965391018901432,7.023813972943417,7.110466396137595,7.205301913396061,7.271632507050962,7.379324460778009,7.441831423971131,7.51082707366389,7.582304220284611,7.632283693140461,7.695514997857982,7.735465554694484,7.822298290730195,7.857016013475285,7.916651428133849,7.98042468706883,8.003483335693339,8.061021723775914,1.0501096731627513,0.9956335569183121,0.9468050473258326,0.9028042397048298,0.86296279302852,0.8267304652416635,0.7936501404742606,0.7633389361518553,0.7354737304363095,0.7097799487094779,0.686022783871915,0.6640002557008057,0.6435376750133041,0.6244831917460038,0.6067041871841594,0.5900843293319932,0.5745211534554623,0.5599240616879697,0.5462126594044792,0.5333153640355056,0.5338545064902017,0.5412261329155632,0.5489738169014582,0.5571187724164358,0.5656840297120318,0.5746946249810777,0.5841778146793463,0.5941633183129618,0.6046835941803933,0.615774153386796,0.6274739184535808,0.6398256340700224,0.6528763390307101,0.6666779102420954,0.681287691952647,0.6967692261798275,0.7131931038238946,0.7306379603709986,0.7491916456569334,2.147459674973801,2.1229049299963947,2.1200658986680203,2.0674407077432932,2.071100723227398,2.060481957817358,2.0583496793687712,2.027949257740374,2.0096373238354763,1.9977439416401674,2.0075924416998183,1.9706727275051188,1.9720769080338325,1.9722156878032788,1.9632438231896088,1.9350508354487157,1.9349228525786497,1.9392931111832612,1.9259374955386412,1.9167881794078832,1.90605958054959,1.9191376790975663,1.9146477194157134,1.898601884832264,1.9071163524002321,1.8971047118809958,1.9116317666098535,1.8930758743725227,1.88425890139547,1.916862828522197,1.8860771841212796,1.9167764915666103,1.905336929359933,1.906644424263425,1.9268068498947712,1.9266711174360283,1.919625402742759,1.9502362529189523,1.9383558980776425,1.9468231589449476,1.9550814011226674,1.9552153850503402,1.9697685548960575,1.9767005056847053,1.9991601801488645,2.0023263885470772,2.0113164464385385,2.002055932413432,2.038320910946427,2.043569162069179,2.0715609923105305,2.079495977589282,2.114018974217844,2.1181766927914483,2.145264680061532,2.152550531617394,2.1852077890094064,2.196154262576804,2.2049226848849406,2.236126198116309,2.254927205952094,2.3066175012020236,2.31330075128224,2.349551321837755,2.3879049175238327,2.424601214270084,2.4691119870317078,2.4824145555362254,2.512353713834897,2.568656039172784,2.602049461914566,2.6433422020758726,2.6972150066148197,2.736397185336006,2.776619327025007,2.8209921519791603,2.9077786038514946,2.970463113466351,3.01554833973879,3.10624311442991,3.169738634283296,3.234523493066381,3.316272052954686,3.3904841154905503,3.4924281265624217,3.583920312436084,3.7181621819636788,3.816266253539806,3.9355092995239094,4.033205330136351,4.183399627650846,4.346431209831464,4.496610398885187,4.662365243611747,4.858917480908706,5.060002828852427,5.305779447051952,5.572656275247995,5.830465093441831,6.153887995934426,6.536735480983249,6.900115606568789,7.382801402152366,7.859171262675605,8.488517235884828,9.104329178174458,9.998069559790274,10.862902123650255,12.170552334878854,16.718906273137492,16.652885251892823,16.55924161528783,16.433558761489195,16.281786560109232,16.17813043985165,15.956811351591035,15.750824494538112,15.538070028659467,15.232798282462596,14.918958710224441,14.541834815247675,14.133372190058376,13.54852480083437,12.31906656946745,10.471249392366637,9.27451768499879,8.171818143846943,7.319044873425823,6.732889749709103,6.143339130272216,5.7218760692904,5.259138953592852,4.977046657858603,4.653330953057888,4.408354031501843,4.174490514780992,3.9389441087986046,3.7739356161142394,3.5875968906221463,3.4459759560611483,3.2778760954326778,3.1468093006463205,3.047064152938305,2.908528608505576,2.8255916284851113,2.7423250125668903,2.662702473492443,2.5980884268784163,2.503601397190454,2.4189890053464302,2.3686001259954583,2.288085252439341,2.2361680271976496,2.1748959235069036,2.149567892747689,2.0972067431516557,2.0482159511283156,1.9960330890847844,1.9612360480969142,1.9512933684735811,1.890757543977564,1.8431374130467648,1.8077769323019304,1.8020190446002406,1.767473318889455,1.7469982130451116,1.7176630308922078,1.6770449007954893,1.6583607956350044,1.6362466364913384,1.6211491487664698,1.576414506021996,1.5926927520403178,1.5672912465430429,1.5523505327216918,1.5121909743247544,1.5059961853027382,1.4792177234675392,1.4846544703834907,1.4473181407319973,1.4414496541647568,1.4489288640985085,1.4285481090191754,1.4165767297402065,1.394216474278471,1.4007776174278044,1.377092193882879,1.3741083137750183,1.364151516719012,1.3611439186627567,1.3531361872027996,1.3284295873189842,1.33754261962183,1.333781406797722,1.3262840969757406,1.3308692712485428,1.3200806417912292,1.3163396833541563,1.3367748301809443,1.2937886632986142,1.3139690205743848,1.2921088719189602,1.3144826033858386,1.295472742927331,1.3059044635342283,1.3043525465276615,1.2952318201907633,1.2903209419492694,1.2825423619575858,1.2984207096030205,1.3102192373866117,1.3141325216758155,1.3010141207917572,1.278492601761714,1.3009552965427094,1.3080621075636714,1.321856464211609,1.3183754425905612,1.3212339036108478,1.3184283440380693,1.3193972113966004,1.3531788645038174,1.3398473618293802,1.3487189130288724,1.3495999140328008,1.3463690689369483,1.3862377140753306,1.3955018794262355,1.3919352619890129,1.4077683857443433,1.406358222408602,1.4078710227178097,1.4180028558269488,1.4253485245885902,1.4598675676611104,1.467236741923846,1.4979284921415734,1.5145432015018845,1.5163297727828313,1.5060803532887628,1.5394063213442677,1.5686284819011265,1.5767030683697352,1.6030205452397395,1.615090438295113,1.6449688756625296,1.6609205274392915,1.653120400550979,1.7044982535822064,1.742241646099348,1.7780071089257534,1.8120573471663253,1.8562371763970944,1.8757518650645715,1.9068834514520945,1.9484699276986905,1.981044287068444,2.0152360118409423,2.094280067322202,2.106172377539275,2.147766371815095,2.2169056858468843,2.254068362553721,2.313682288295044,2.3828910683339513,2.452797846894636,2.505707611138736,2.5987917480877885,2.6839416266282035,2.751167995965463,2.85624142094717,2.9561717203094715,3.0765483737753954,3.211275761820913,3.2902684063637886,3.4802345140021314,3.6323197237191325,3.80409605897701,3.97529371002338,4.144109103723519,4.259286536376076,4.408118599601145,4.586983333164965,4.68439650946283,4.858694393207004,4.992374412461233,5.106810237060818,5.265534747298817,5.37244773534594,5.511149328287359,5.628482879403489,5.729127338656286,5.8548867486501965,5.966452445747667,6.079281253448392,6.181234501478004,6.304460274745532,6.373319571755272,6.508307898566489,6.588465881823073
7.3,-0.06384510545925312,2.0,6.610938982741289,6.7308658466813265,6.8086358621102505,6.900296664909913,7.038725750753327,7.1136139725116605,7.21113381612882,7.293162953717304,7.3875710984845115,7.459552950863954,7.557605682339175,7.614468202673326,7.683581768282268,7.754153945183671,7.818769762662213,7.882617014531977,7.9403148573820435,8.000853286900307,8.052483172040722,8.07905897324942,8.162096094292131,8.20554144126566,1.067715777904525,1.0082041718862036,0.9552520782633448,0.9078474814295672,0.8651765431133266,0.8265773667351208,0.7915061292947032,0.7595118859803083,0.7302175625722385,0.7033054324166066,0.6785058902702503,0.6555886817007135,0.6343559834581389,0.6146368945757245,0.5962830136913249,0.5846641674029441,0.5910610729173662,0.5977836801809359,0.6048474018352196,0.6122688609025454,0.6200660007001235,0.6282582074572821,0.6368664473522839,0.6459134199573494,0.6554237304020939,0.6654240829467054,0.6759434991094518,0.687013564033929,0.6986687054291275,0.7109465101938713,0.7238880847764777,0.73753846645846,0.7519470941354884,0.7671683488604599,0.7832621764900711,2.2713573585578013,2.231047739633334,2.2073907925847895,2.1700571805901627,2.153130190161362,2.1493123311057887,2.126245819434036,2.1073188331911057,2.0860173817683174,2.078185637208389,2.0618947128699734,2.0425671142793616,2.0355787139513706,2.0201561813161817,2.0103576496376956,2.0135977160281495,1.9897934601426122,1.9648921789229359,1.9672281636150093,1.9496381194339334,1.9745506489364308,1.9504394435756025,1.9319905012558511,1.9437328732238968,1.9337805984065677,1.9114149709179227,1.9065725394401773,1.907521627989828,1.9066788274469073,1.896570989499999,1.9029964745037815,1.9046210260875673,1.9072948423091822,1.9045083912452976,1.8978618668455398,1.9143501014506463,1.8956425288588903,1.9102638237132967,1.9375870306641516,1.9232188679113307,1.9072467208911466,1.9220703021699004,1.945841825061913,1.944055117953364,1.942050706853981,1.9805663899209416,1.967257192120082,1.945901758399092,1.9824707276590636,1.9873712405334198,1.9844442855840239,1.9969797550340402,2.032666601774878,2.0328502778034294,2.05474185409989,2.059391788707252,2.079733169049306,2.1018546363727273,2.10056509707085,2.1116621227984758,2.1408825982733486,2.1462892812356547,2.164820561996819,2.198731184799018,2.222128719739098,2.2454181191366636,2.285338316618121,2.295584293670557,2.3311441473272176,2.3636077543420315,2.397466231179569,2.4294713804571852,2.4632147004402816,2.502656839187466,2.534486102617019,2.5821946248279577,2.6290028987318768,2.6907324476754315,2.7178530461425203,2.7706642759347266,2.830554734315927,2.8429717288515337,2.9440794431976505,2.975162727712295,3.0498747146205374,3.132271165478529,3.189250855320359,3.292527653199316,3.367477146407162,3.412614313103299,3.5442040236890913,3.6616039444258957,3.7541098439010248,3.8635273128339707,3.979186859916316,4.115032205280382,4.2719368863248395,4.412189504110654,4.605218324842433,4.754598679171253,4.9860314516668405,5.1449030180891375,5.419253035910157,5.6486023001658685,5.983156048089471,6.34087001890535,6.678950394148624,7.132833203228249,7.546954941205577,8.13916252403722,8.72930574847811,9.542243164947303,10.349969755479602,11.481063334709834,16.5521635286026,16.480745679899357,16.40379871943323,16.292029586384476,16.17001446386601,16.048949576891008,15.852053351416837,15.674824915410609,15.436927039833295,15.16598828868838,14.910614386552897,14.566133216730712,14.24583788334611,13.732227122051407,13.086837332742132,11.30616479519555,9.951185636983954,8.684361982234083,7.7270192713434565,7.045804446052442,6.417383135403907,5.966182584292036,5.502054857519215,5.1784313190892854,4.804392564013175,4.55130216114857,4.295181780927882,4.038677988174455,3.8533379812078583,3.6477648753409917,3.5216149153438887,3.3638147547523447,3.240796060431693,3.1118532431988104,2.9878497464470533,2.860507231515846,2.7608950442257396,2.705085121428487,2.6393187088541876,2.5389389781117218,2.4735008170980937,2.4013329695379517,2.330662849161344,2.275578121177131,2.234654128602017,2.1519992178150393,2.1038094491709978,2.0753201472935365,2.0403556525785733,1.9854674532027752,1.9541092762427394,1.901378213117386,1.8858658026809911,1.8544781585627519,1.7948580387431827,1.78803461804639,1.7445139190618368,1.7194364134201952,1.6752783792889936,1.7138713681799456,1.6416227598115494,1.6294145260339525,1.6053518671725493,1.5790007685737348,1.541903251071097,1.540393258288326,1.5196744314866262,1.5346677101854749,1.4937967184788419,1.4871118312141338,1.4450628974838668,1.4544173599647294,1.4399589934563923,1.4367696426401206,1.3965771223306471,1.4230680957857405,1.403009704705069,1.4023548277053266,1.3832213113338088,1.3767408132047594,1.371990949066853,1.3530770878135248,1.3432120478562746,1.3162278727852785,1.3415102868793736,1.34841081804515,1.3118858114718492,1.3045427691711768,1.3159293172680706,1.3210733660866143,1.2976243671351055,1.3085096597556656,1.3006590739507358,1.3002887053674195,1.3161257153092276,1.308921743022986,1.282625238515924,1.3116095903593414,1.3146023287691473,1.2990154407426358,1.2873240457231987,1.2839638371592272,1.3165230853412666,1.300017240225054,1.2923231629446537,1.3092964148660218,1.301024724610846,1.2944030521127456,1.3181651242608488,1.3265429825664767,1.3226329647881885,1.3155620893564137,1.3531025125085754,1.3199784493259112,1.3392799168673328,1.3537003951758961,1.3518315837052555,1.3500016384199853,1.3794373951997494,1.3815107384464145,1.4063411645280723,1.4041555245826223,1.4481770209895246,1.4355442948053532,1.4453053997670977,1.432703659881716,1.453221341713118,1.4749869747928286,1.4847063104230322,1.5085749640636892,1.512961091900572,1.5494724855395487,1.576034878584933,1.5877210956004488,1.5845092298246328,1.6146535145212908,1.6321205578900464,1.65202493950141,1.6893537655914586,1.7017165326765609,1.7224444242492656,1.742849028598908,1.7729452435461415,1.8365253159792307,1.85828432497568,1.8811314211074286,1.925403679161299,1.9507707326119073,1.999691538872125,2.0268364860531323,2.079433821256884,2.1251028814413013,2.1654189739548344,2.2442972332367868,2.2641680386441823,2.341638856264916,2.411844535170771,2.48716685304323,2.5453024174244274,2.6109591365469846,2.729821630722521,2.79304587280282,2.890313296469387,2.9999415907079885,3.1253858650406183,3.2424355871631683,3.3913227114039475,3.5266306083853816,3.6949532315712132,3.896891227560597,4.09095305489136,4.262570590336985,4.404557598425169,4.5831506411015095,4.7386126708520315,4.8812211325381485,5.0438049585335785,5.174662555742608,5.324893779912296,5.448461220693292,5.604300243055268,5.704744930806962,5.829467474179138,5.951047303033813,6.082849611667562,6.233804935601956,6.318596386998238,6.434398652197647,6.528335666011446
7.4,-0.028817101432906677,2.0,6.761930191605523,6.887108273257747,6.980163711384897,7.086864914756075,7.18670869166724,7.264793302402946,7.374961998886927,7.4589573713001975,7.5527015144670235,7.6249031368242495,7.708490986605656,7.773489112372029,7.8753079623630855,7.950649607979949,7.985284968806022,8.074537624590759,8.121644654439422,8.187854302799158,8.241743022774005,8.287825180922864,1.1730683673557547,1.0975759577234985,1.0315079453782754,0.9732219233492496,0.921436351520628,0.8751366176055253,0.8335089906655875,0.7958932605759819,0.7617481734280133,0.7306258032536849,0.702152275974106,0.6760130815824195,0.6519417490431952,0.6468813424836222,0.6528405814215533,0.6591133524664279,0.6657126625851945,0.6726525055528858,0.6799479432518318,0.6876151957712152,0.6956717413995719,0.7041364277632054,0.7130295955505999,0.7223732164819259,0.7321910474397313,0.742508802979428,0.7533543487953701,0.7647579191413365,0.7767523617069355,0.7893734140508107,0.8026600164087153,0.8166546665558192,2.4305516567244725,2.379696130332018,2.356574909666743,2.3258278509638837,2.3063504646547055,2.283841103322042,2.242352671541661,2.2217861515347286,2.209184895174911,2.1960809853707945,2.1624311891033074,2.1418408186450724,2.1211585113181783,2.095718071850212,2.085113142565125,2.0518509647342498,2.0674338831273213,2.059038309837334,2.020321043992973,2.0062380151637753,2.012043343047292,2.005249464428349,1.980214510498074,1.9912326333451897,1.9640326328807012,1.9468965433610412,1.936021150673775,1.9326457043889538,1.939534355344471,1.9445307078619287,1.922072585866733,1.9325877636745126,1.926506338365932,1.9335852504266455,1.923999069220415,1.8842581813756114,1.9106550535119546,1.8994504199616173,1.912094946905096,1.9058763360828361,1.9031132875943066,1.9074284867401752,1.907955528003647,1.9149497432158542,1.9450410253268204,1.9144904343916016,1.9373173307847482,1.9202797942779155,1.947268374186921,1.9486426081207546,1.9196106476449746,1.9591048101968842,1.956333864893989,1.9721733535646973,1.9915552920905124,1.9907008772123944,1.9975716826682615,2.0225972806984074,2.011526257130715,2.043373381660706,2.0843243495075954,2.073952993697047,2.086600020230404,2.09275682500835,2.1169065912921905,2.1487636330953124,2.155693538023696,2.1681529979669154,2.1957194021950763,2.2303733578868887,2.2470029522880477,2.288812079190339,2.2991318460901358,2.3121765182825245,2.3374541798553166,2.38984166671752,2.4278843035844693,2.4175829398941944,2.4547753884144257,2.526754776263538,2.5514256535282014,2.5951809917348663,2.6481617713911585,2.6964614780242804,2.735970271818532,2.7945548650007,2.8346868751169483,2.9153033917379205,2.9480402997404,3.0287960804310634,3.079902556585561,3.1780666998535487,3.2140141687451576,3.3200374838758653,3.3940867943516104,3.4776552951982556,3.5753423953503685,3.6732189248349205,3.798231874757725,3.8931918607241376,4.023907102757874,4.171566837619969,4.31665098956782,4.490853346897515,4.6585874145048685,4.87426479100874,5.0278962634281,5.304645682357988,5.520891842605875,5.813406049348113,6.092698939781768,6.499171274675586,6.908242472580095,7.293742166466752,7.8486575051796095,8.38174813312861,9.134517962521398,9.84718941163324,10.874821788199183,11.93770163071095,16.339100171667923,16.25927841398061,16.156007396891795,16.025257629390445,15.895403688230923,15.746618978099297,15.558176608111337,15.367125485696358,15.132442308376493,14.866992747776036,14.558933157285994,14.264730589662761,13.798152159117118,13.343057098949556,12.33180849072979,10.725134860060276,9.256259504557343,8.182627303556044,7.458630022781746,6.711281432089142,6.219417662666338,5.707652162459075,5.354338111051986,4.974082565944086,4.729811690633281,4.393439605564864,4.1634857387806345,3.9572613304077358,3.7607712639715074,3.6020363151045265,3.448649297562254,3.297680249851577,3.14974714525789,3.0547711537902345,2.9460758521733745,2.8419973765413804,2.7455436350455042,2.665684406176194,2.5721270849650955,2.4928961157225,2.4365602558354342,2.3633909960100206,2.328618755562648,2.231288675104605,2.2134666917114134,2.1353572770923743,2.083437145825414,2.0613091298861157,1.9989816291847802,1.9700999207300007,1.9292408718973495,1.8870873022075203,1.8452993072514732,1.8115077443407515,1.7929615966019898,1.7437863312123998,1.7487739847218962,1.7050145151519926,1.683215386170502,1.6632692685444428,1.6427877554788877,1.6330792059163095,1.5927151071114736,1.5846145649776855,1.5567116966519565,1.55369335755166,1.5284195800854123,1.4901590357068233,1.516246541793527,1.4895773176968157,1.4573427097846707,1.4483024954888413,1.445018742707179,1.4260918220151755,1.4277138358702834,1.397417112297248,1.415357323856359,1.3872631697012219,1.3685223037660597,1.3548757587587212,1.3674155391552147,1.3700623866827515,1.342447299055788,1.3375035294054605,1.3233612114461986,1.3173924303296474,1.3258424439707412,1.31417279077197,1.318415347759499,1.304662721285644,1.3066778238083339,1.2888709187745115,1.29598835594471,1.2900067901504668,1.2932422061658038,1.3164775641293278,1.2935263229526799,1.3041958699004204,1.2985770216887176,1.2993530045516675,1.289292837068363,1.3070768105450967,1.3108686087544932,1.3097040063568408,1.3045963337428859,1.2889208164656822,1.2973561099456707,1.2833477024242146,1.3362082067728454,1.3201080637471312,1.3230148286293197,1.3338823936349766,1.3515712036547458,1.3264899271087167,1.3401192175059937,1.3738925458400073,1.3538941001492006,1.3384623240876299,1.3678353233596368,1.390559435254543,1.4068072811507715,1.4067519695452708,1.401870641651424,1.4463031132679762,1.448778428803019,1.4678110835279121,1.4564436071897717,1.4850390805988303,1.517230411628899,1.4954758128670302,1.5036076503007931,1.5499251371563962,1.5565777971719448,1.5818872554111651,1.5965401840911366,1.6117117068581555,1.6366226720716208,1.6488220312126343,1.6770724071412537,1.7060039560985618,1.736519134379312,1.7716365911449699,1.8028810030009434,1.8117465640284565,1.8551921515706227,1.9108102039210453,1.9233696730502736,1.9758137168397762,2.018305982953927,2.0772364940376935,2.112612346528356,2.126819437846022,2.19267314784999,2.242445226013161,2.3158295733643146,2.3674240825952144,2.4415968877774024,2.5032953867525287,2.5916214327207885,2.660309285729906,2.7520682966502488,2.833206468829541,2.9284732015712094,3.0506205368857757,3.1470581640859474,3.3101072905126854,3.4322927336035427,3.6066422457766376,3.7754643509206303,3.9638763527569174,4.189509821232978,4.360018471487778,4.550250749273975,4.752013194245009,4.916044674417931,5.071141130885168,5.263485478217639,5.398964624685018,5.513695309626415,5.68851327224424,5.81399773188435,5.9476839589644825,6.068928497129897,6.162854523747087,6.334695031727746,6.432490471305492,6.583655370630571,6.683149026692603
7.5,-0.03520710013070078,2.0,6.858850809917429,6.98310011336052,7.105031323709464,7.1996536619426,7.2960827922537375,7.403751899437609,7.483474805060277,7.582511323032147,7.673446823233206,7.769417792010236,7.857770789069464,7.940415673917145,8.03148310624376,8.083408145339774,8.164396649920823,8.20263390211427,8.262641649119015,8.336814675873589,8.403559801058943,1.2389027970458788,1.1491453796311106,1.0718196018282513,1.0045310030925962,0.9454631404983843,0.8932131128504616,0.8466802231785104,0.8049887739241243,0.7674333802296529,0.733439494134171,0.7053709410765783,0.7106365918821748,0.7162013361908538,0.7220756898267482,0.7282709613494147,0.7347993100854608,0.7416738101170828,0.7489085209007642,0.7565185652811938,0.7645202157713247,0.7729309900918768,0.7817697571054162,0.7910568544449427,0.8008142193288981,0.8110655342787875,0.8218363897183362,0.8331544657417577,0.8450497357024563,0.8575546947033722,0.8707046165800142,2.5648452601049523,2.5126165950559507,2.477152757014499,2.4374880976956526,2.415349219512434,2.380335340551304,2.328284743469925,2.3186380231509878,2.2871213178897007,2.2536989216115355,2.260209211255632,2.22316646183221,2.2062946467675357,2.1807744502858784,2.145838387028267,2.1340637630245984,2.122371914428514,2.114172273636673,2.080534213508389,2.0552845423236596,2.029424659909175,2.0676839230375395,2.034051079512794,1.9943983006351373,2.0013765291072034,1.974828474445963,1.9676271481208132,1.9682777163045115,1.9600464088267848,1.949757679248085,1.929507958489685,1.9489843836641039,1.9425166125489808,1.9192837858559715,1.8972150481819419,1.9398202135891545,1.9170219821024623,1.8977159139982727,1.8881123313078163,1.9114503105990326,1.8788195281186442,1.900354633126096,1.8927027525688624,1.8874703291846584,1.898927201645741,1.9004137250709232,1.9032165749307708,1.8924331160472412,1.9299484058721017,1.9015948538582061,1.9149689270470496,1.9209569930907562,1.949362505363381,1.954935587547966,1.938711724117367,1.965056225063771,1.9535065311543895,1.963609380741588,1.972996848323222,1.99018528740495,1.9964082937887808,1.9949668576255646,2.0338332630250076,2.049463760884043,2.043585905238138,2.0562252975082003,2.07802529650111,2.0979929638747956,2.1156000473466476,2.1374089665852716,2.167147359579381,2.1850939097383644,2.211726835974198,2.224784513973806,2.2568758902199635,2.2639783886847096,2.322875238597893,2.308191531750283,2.341701882716527,2.3681306541691907,2.4113460020933246,2.445383892177226,2.462964692338449,2.508446371361136,2.557666504682319,2.603412060551696,2.6451016430333416,2.6841982313538666,2.730614691208048,2.7888256990413542,2.851856169132568,2.8963825587192003,2.9331223073044765,3.0075072210469758,3.0848932147411667,3.1345305109527293,3.2581314887819155,3.282440245051381,3.4094739474847944,3.4742725801738854,3.5827795337293233,3.6780376443838625,3.794769632543849,3.90420832643946,4.046393450235875,4.190680471982234,4.324703351380109,4.509646668177056,4.651026315472148,4.84276876449727,5.039234039518962,5.283557181713299,5.560937132149417,5.79946124903745,6.153836588284042,6.467075796108543,6.886952168789555,7.2687652989358975,7.821180177148191,8.346891808144793,9.097856531438866,9.987458356419022,10.853253328683996,12.164069168372013,16.142452858474762,16.052194078335212,15.966615439005142,15.82135860228762,15.722014156247779,15.558115132272478,15.357689403363066,15.16507831125624,14.923413925592602,14.718098579295523,14.37380604927791,14.086208015373805,13.633865592141118,13.193380584379678,12.362255116642611,10.484495893875401,9.298066326149575,8.199237800606582,7.449759007044976,6.728073678112437,6.242906229462956,5.761304859263937,5.352023124921025,4.990376927778747,4.6534661861574,4.423238477609615,4.151834687366974,3.995397452469917,3.7730618558923186,3.6367497905483845,3.4326200465566217,3.320218224650051,3.194108411229284,3.042274511687506,2.955257802346303,2.830086611914441,2.7585914469952715,2.666109257320047,2.5960951446429528,2.4820735708945816,2.436344169462515,2.377759936144309,2.2947150125838176,2.2616153514264004,2.2001167634427836,2.155132861291732,2.1025750027848535,2.062693975510506,2.0264541816617427,1.9665625920227983,1.9372799900172026,1.9098158313108802,1.8778464531729953,1.8179000393022158,1.7943812926095095,1.789149362804439,1.726722870228222,1.7195028852873067,1.699036613166301,1.660502131442654,1.6225664852286603,1.6071854828683503,1.5955570248466802,1.5851189839815973,1.5504240153711812,1.5350945755407313,1.5139358837661159,1.5309305581789614,1.492331596527846,1.4909276626063699,1.4507336658440348,1.4357952668828218,1.4369769433991344,1.424099434559658,1.4216914054210255,1.3931945248195057,1.4042372684431854,1.3762300708861332,1.3658037537525043,1.3818500004118153,1.3582744088582068,1.3634639528879646,1.33816301440026,1.3486551420088237,1.3521336312106695,1.3434602588390971,1.3165022359381098,1.3227324622591585,1.3227807731297394,1.3181998054438226,1.3041775009366494,1.3125927126689758,1.299876314089935,1.3041101672473763,1.2913728823648989,1.3162072462394114,1.2986139848636005,1.3116521196270112,1.3003958620677512,1.319290680850853,1.2995840924829927,1.302857190608723,1.3079522044274419,1.3099075762193408,1.2994109768511668,1.2945519229344449,1.3132034996134816,1.3150514834335298,1.3174099820747112,1.323695000609942,1.310812164819963,1.3428058167826045,1.3295193029891987,1.3367305840856367,1.3473500114605084,1.3442093533592876,1.3637209155096985,1.3903339662805503,1.3716052159032541,1.3713484399067473,1.392017145390413,1.424408853613751,1.4068956560792678,1.4410192982494214,1.4234424431803427,1.4423980746850866,1.4775321178362522,1.4857007137492162,1.5085100697858047,1.508910926909156,1.5477855104841545,1.545949179907819,1.559519508016294,1.5839268082693725,1.6012474030881905,1.6381489561050873,1.6478024912041085,1.6613712079390062,1.706073794352293,1.7054673082434957,1.745049080904698,1.7752838379735023,1.7956823253655365,1.8423104665056618,1.844522957107692,1.8982305254073777,1.9475188099393066,1.9813207307556815,2.0114072124191598,2.0856111721186474,2.0954724245056022,2.167926745286,2.2000624456437503,2.2643596753897945,2.316763864528249,2.3931004220068917,2.4222522274806413,2.5162720878768283,2.593854472088655,2.6876092676511454,2.753877564439894,2.8612966867202676,2.962263867877883,3.0658373311362466,3.19415193479053,3.331813247065825,3.481548755737274,3.6397635876047847,3.7783942059592612,3.9760174242417454,4.199738783386074,4.431373956255584,4.625382471037841,4.864069451885012,5.027202613770616,5.1965623910203576,5.380907502826247,5.5377915612844255,5.6553967011171755,5.872066022411723,5.964526536599738,6.11703854619825,6.263453466815403,6.393755529926629,6.523312840596967,6.63124294676667,6.7796068696811815
7.6,-0.019036792352455437,2.0,7.037636490066512,7.121271873594092,7.232263990156366,7.325684193055673,7.438310494571926,7.533662102962179,7.650555359878607,7.7441253631999105,7.84072734369913,7.924506107006585,8.007298524804357,8.117037961935658,8.174895019315489,8.24524907294605,8.32967480493024,8.397225355087059,8.450819852572845,8.524782601316549,1.2893028847655525,1.1860494928946936,1.0984177848912586,1.0231348589633424,0.9577825918929419,0.9005357041123614,0.8499905822862818,0.8050501748529181,0.7710087571730956,0.7758751765704416,0.781042931755199,0.7865212676618843,0.7923201423379942,0.7984502743137636,0.8049231947387869,0.811751304786989,0.818947938897008,0.8265274344901035,0.8345052088937671,0.8428978442981471,0.8517231816864183,0.8610004248119526,0.8707502554476997,0.8809949613103252,0.8917585782678903,0.9030670486805887,0.9149483980058839,2.734405704183216,2.6932376509461773,2.649480081427612,2.616755821362537,2.556117257864959,2.5341495022741176,2.532580085305028,2.462913484143167,2.4062610485289033,2.3665015458531626,2.3595108767231308,2.3129319591534845,2.2793882486482415,2.2790288875157385,2.255552052489643,2.224617980814419,2.201265576115935,2.1634786569605624,2.1635731805429277,2.139763751278294,2.1322634944714562,2.1045503183955936,2.074369090287414,2.0387878451378816,2.073277310951391,2.049391634877389,2.0325507854041374,2.033574497392876,1.9837341812597211,1.9723623234049301,1.9933067277522543,1.960443482816642,1.964442935955182,1.9648814417942306,1.9286402420299482,1.9333294331391633,1.926010549597101,1.923612012431939,1.9108990341151035,1.9199916281097003,1.8916264177040671,1.9071620564991756,1.8956628924723489,1.8859111349344642,1.8901250536388765,1.8999076724268136,1.8953864611258797,1.8975666297177964,1.8951523485493513,1.9128611707758387,1.9194381171984665,1.894488521520004,1.905205806647844,1.9048002797604136,1.9092943803232254,1.9100818740841834,1.9087895268234882,1.920868535437581,1.9461555343563153,1.9491593192828285,1.9366528073991895,1.9498559974587377,1.9760434211421405,1.9704207548515484,1.9962066318344625,1.9912751133235918,1.9909778277564776,2.0129826137472,2.029732255737553,2.0076218897970133,2.0570847468041773,2.0818980168282932,2.100907000064832,2.1219026537503813,2.135976634984958,2.164651497556262,2.1792022837904375,2.1990595717049803,2.227534914267214,2.2308138948549496,2.254929364791427,2.315462250628857,2.3314725179697295,2.3531581541460955,2.3726654974653765,2.4207337974138308,2.4575018507109676,2.4857177022948553,2.5089886139502817,2.5562093541768096,2.598914919410097,2.6442751305721144,2.7066202459867634,2.7297835796489998,2.8110669663898373,2.864674291738485,2.906473354146324,2.9668118422825005,3.0266294009947674,3.100719500805681,3.1468224479214584,3.2513238241352718,3.3387835623272886,3.429382341914788,3.518434045977524,3.6126636231942255,3.7224469349307676,3.822756375579914,3.9613902084717822,4.065891592213564,4.234326038768654,4.375347640166711,4.538215443863972,4.736013306678975,4.934130415157446,5.148006323142146,5.360184101522984,5.6479592391200075,5.892455496509179,6.245436316077565,6.631089850341884,7.01921147251474,7.518191267383598,8.016391848786407,8.69240943946405,9.338384636299164,10.267008822994171,11.233418914944705,15.944297609733027,15.887094985495544,15.800192320439871,15.688997337642283,15.574122653989452,15.411432491518868,15.277103622659073,15.075434554485863,14.8729840873448,14.635005841265983,14.379418872261233,14.077275666802011,13.700301106612915,13.295092477808758,12.71909064005518,11.704036111280688,10.000836367035847,8.941330686461537,7.930230017032984,7.133005783572765,6.561461735943954,6.00036731877113,5.597923143230652,5.191602752402367,4.905153215086186,4.591023529565517,4.316632336514571,4.094162527218185,3.87806317683627,3.73908119924101,3.537656705984036,3.402189250517251,3.2529202383148808,3.144638539994193,3.0197174002591054,2.9110610725272856,2.8131670136835054,2.7118920245734053,2.630717753533102,2.5649119345539515,2.4903718195179017,2.418631977582386,2.3449311522307026,2.274146414530444,2.2502778952408065,2.1822328862799796,2.138786759393929,2.1102081270423514,2.0227745363722907,2.006049985812914,1.9534911781241142,1.9174253288329757,1.9068647294519627,1.8961716128963721,1.8020246823154964,1.8101169053606232,1.7690348243319067,1.740333751028635,1.6922288696603305,1.7052667179549161,1.6666872692471848,1.6320841105052535,1.6318884411054644,1.589012614968147,1.5678223084963507,1.5607271230254691,1.5438974284833418,1.5118634267127031,1.531792281113327,1.5128269576543527,1.4779102337314243,1.4623511571305494,1.457715258326635,1.4418845621374086,1.4385074184835471,1.431183780078113,1.4096539698639228,1.4188569887797975,1.3969280942318107,1.3735806528802248,1.366074804753447,1.3500337928302844,1.3577574341149836,1.3734274531415962,1.3524324220146289,1.3298005049390889,1.3316215681222618,1.3160257517815113,1.2980341426952648,1.3373872267010993,1.3058137833973869,1.3334652499267743,1.315158747484975,1.2980776258547266,1.3032992635133724,1.3094721303900698,1.3082891666547463,1.2984877007321758,1.2944808040079805,1.296606909170945,1.317812262291547,1.3033021253275445,1.3054188299769818,1.3048529641077615,1.3067939512199724,1.3032240649635554,1.3207409619256392,1.311091057445785,1.3262715940490477,1.3201651372610628,1.3228735440083264,1.3487543610624346,1.3390156715482648,1.3414499530780175,1.3783515627288994,1.3517157846954737,1.3517772682215257,1.3995924309783392,1.3735011217111082,1.368757329426651,1.3818912977043183,1.3850978241479335,1.4120054188714626,1.4146174266572846,1.4357086920726754,1.454123932406557,1.4689443371410105,1.475505202509259,1.4982608297107685,1.5369531509684413,1.5377114023015408,1.536814449082078,1.5635518999258633,1.6023414517099184,1.5884537773077045,1.6212976078057548,1.6431947527453896,1.6561851592678825,1.6859056301811202,1.7236622393609835,1.736837732613202,1.758746224621532,1.7976508809381424,1.8177519845011596,1.8528819047111855,1.8810938502532568,1.9307388631027558,1.9499624311853605,1.9982211606781217,2.052742823803478,2.07639379584702,2.132707160414383,2.1710230155005346,2.2422474992877968,2.2905695053732,2.3552494963762602,2.4432815650343787,2.4794440603045853,2.545646091332669,2.6268598413465374,2.7191908939441993,2.8233586422923262,2.916994182577394,2.987311955495623,3.104228730760264,3.238488994612574,3.398398697786404,3.5424537658024167,3.7227638723785974,3.8847698545984204,4.103881891508491,4.305695472294571,4.572529978971984,4.776783480137172,5.0345401561379735,5.197471768341564,5.396199339607846,5.577380443770502,5.728070122625165,5.890572178980435,6.055614678182341,6.216240664711118,6.332410142885162,6.472781124428604,6.614926522863519,6.77817054637632,6.898579464997421
7.7,-0.021053943597762928,2.0,7.160873591162461,7.250309346205129,7.378652607904683,7.515465911362043,7.614325094152659,7.7209782697885805,7.79679786033778,7.931043797891316,8.007139494371824,8.106498284434442,8.18649553218657,8.263708091781309,8.357077878306502,8.466718287495336,8.53710674652525,8.578741658179428,8.639469664684723,1.3299149110124238,1.2118935987722737,1.1134237575058072,1.0300436284798622,0.9585532640114615,0.8965979368304834,0.8424063729332921,0.841040699521532,0.8457246103398464,0.8507216715841454,0.856040541791207,0.8616905693814665,0.8676818351593313,0.8740251990839211,0.8807323517360169,0.8878158709615318,0.8952892842338777,0.9031671373484179,0.9114650701431608,0.9201999000326865,0.9293897142489677,0.9390539718056283,0.9492136163440762,0.9598912011842211,3.003968345623387,2.93856490686673,2.8645435258201837,2.840079833775642,2.7431963156957075,2.7136380188431155,2.657514694096733,2.6128184509038963,2.554493211890125,2.5174611692244864,2.49392419319688,2.455905378444807,2.4174436749081556,2.380742979875062,2.3578507353526508,2.3445645823241206,2.303336376520579,2.2827884360914314,2.2334185799015933,2.2188002607638424,2.1961406596683024,2.185785028021427,2.156815969988077,2.139065593082225,2.1214736217673003,2.102681139287161,2.0766824057406716,2.0638041365874975,2.042641722469177,2.0374649999084125,2.0160033530159684,2.007321427277377,1.9945416532150542,1.9807205397500338,1.9527635358387194,1.9614758461108528,1.9700083145063416,1.9521634494336941,1.9315776982779393,1.948041370656317,1.9144963020791923,1.921327516989005,1.9136470780753423,1.9061819489770802,1.8934324189534237,1.9156321727841745,1.8928366745036493,1.9026101404661695,1.8854628629948904,1.874192411678949,1.8754397305714394,1.8596629934326567,1.878407019126134,1.8762139607357464,1.8871701208294342,1.917471178446123,1.9116371854134029,1.9114463011007738,1.8913970188306972,1.8981104597550729,1.937079336164719,1.918777642483532,1.9061424365000335,1.9133084449890503,1.9501649629495166,1.93951571420332,1.961562916240042,1.9470958848446827,1.9947223199926118,1.9819280214148103,1.9742850190113221,1.9941765776064724,2.022279780515544,2.031966363728562,2.0412613039078664,2.0653080444905556,2.078099640693811,2.081539570570185,2.1127655520140864,2.1404719522574656,2.1633357396068376,2.177028245500685,2.2197192667499315,2.1987548381237287,2.2339756289457338,2.27863995131556,2.2892101422929487,2.3033837200597445,2.3715856619540343,2.375362403313629,2.4232115173554534,2.451974296920657,2.493361768128602,2.534679885161656,2.5910161433657404,2.6311891590366057,2.666905410408785,2.7106997864236395,2.763438594041056,2.8270111062912155,2.8588063488211146,2.9349412170953166,3.0137725507534463,3.0606966423341944,3.1157689666657333,3.202350159726101,3.29054781491034,3.3681400761968185,3.453693133485633,3.516347948815845,3.640511233208702,3.7625072627539846,3.8625272824800128,3.9871027707368865,4.120793802673492,4.276297365617134,4.43297370024885,4.629558374295865,4.780647027758885,5.01238880194898,5.231028716105852,5.4492477258804355,5.777484138992143,6.035449986248356,6.427596182596247,6.776854709202347,7.2226172243926134,7.6704362566257585,8.301328073120388,9.015056555759013,9.74471828008551,10.801221866250986,11.819716817978714,15.74316472070865,15.65485982933818,15.52898040719497,15.43678687776563,15.301015160052417,15.102889188161333,14.988523616120041,14.784131257144734,14.559259849088276,14.327393892862883,14.0841284695009,13.7273914043396,13.394557423391475,12.88275585093171,12.17397441195307,10.842657731753194,9.41869855135994,8.463578089988749,7.535170896324235,6.915771877871133,6.282142145614284,5.87849724188497,5.416473638892889,5.036474989254572,4.752617472293577,4.456307054170119,4.2494115860136565,4.01907595974709,3.8398986919522637,3.6662172037248064,3.506697027013931,3.3543575949776057,3.2327113902189506,3.107763986363627,2.978437113819244,2.8803751114042617,2.7683195890675196,2.7002168089651923,2.625433364451698,2.549111971446989,2.4793102883051183,2.4009040605012975,2.3269872215065464,2.28816726961064,2.243150822315381,2.175976222245671,2.150574627389418,2.0882513156840083,2.0518899854558144,1.9842629573074222,1.979472850754631,1.912956339045053,1.8789298271875752,1.84806481184396,1.803975681976771,1.8004076406029013,1.7492593041238715,1.7476787047723892,1.7145992144411577,1.6902319672260264,1.6699904075464458,1.650040510822209,1.624365889301507,1.5863554938415059,1.5977912181938339,1.5453107605301308,1.5366909818025305,1.5226894579635355,1.5283129966149913,1.509383455883661,1.4771657191453016,1.4756878749310816,1.4670129975430117,1.4371511744949497,1.4524657899876947,1.4149335193016799,1.4244841163789894,1.3910044143126492,1.395662104849113,1.3803827589227624,1.3951428755950888,1.3754124499986249,1.3449732768518092,1.3656198912750033,1.3671807790759833,1.339143642120288,1.351657881076109,1.339881068878894,1.334452092450867,1.3056020551045915,1.320572043569555,1.3466659252056832,1.3185956655015794,1.323944937567148,1.3328333505233156,1.3309277383757412,1.321631932169981,1.311559284617211,1.2937952845888516,1.3300744363897594,1.314618658607197,1.3168952164029843,1.3201958066954074,1.3261211415136942,1.3110520864178896,1.330257075476406,1.3208415377214058,1.3416635393553467,1.340990910883369,1.3332255977170384,1.3540871412618312,1.335700455773612,1.3648413807674606,1.3750643583562838,1.3518201389698108,1.3810550354542455,1.4008821941450316,1.379617236669721,1.388293126149276,1.407856892420265,1.446014558871821,1.416555974721655,1.4204146230597903,1.42907689786571,1.4479277249023192,1.4690558742419586,1.4769497779619838,1.4968839609613755,1.493288182794929,1.5326922189754575,1.5314731610463663,1.5534699560423049,1.5854648047738793,1.6192644500994602,1.6248041436629599,1.6401012168773974,1.628359653093303,1.673688700783848,1.7208065669913797,1.7444543030139663,1.7568805222003974,1.764801968226948,1.8213601271213875,1.8421427841305165,1.877677259513208,1.9164595719014434,1.9568610506176616,1.999180625696897,2.047575604522673,2.067001712675212,2.1297019206344756,2.166236038994717,2.2166829148016776,2.2813254532246647,2.3393766430815415,2.3854458760070827,2.488047160383274,2.5395196612669633,2.616990654075377,2.6907007315192475,2.7775718022348213,2.864799885024477,2.982792176234111,3.08428056869803,3.2332951039646396,3.339264309654961,3.4629301300914532,3.656469422569264,3.7895159499371367,4.027290523859433,4.195029977964472,4.450726128466637,4.7576073324469075,4.9724400754471265,5.2458442921799575,5.410701035492886,5.624471186787549,5.791897618150899,5.979613080774484,6.1211868251908035,6.302071070555027,6.468436814684744,6.620433609025559,6.767939833407125,6.87870703917235,7.043363943089867
7.8,-0.00957977495032385,2.0,7.366843747042273,7.471171500453247,7.6092410474134144,7.706598589808133,7.8050607041276665,7.925431368242986,8.018460370465728,8.133802956463205,8.223583545653076,8.295477056603765,8.40143899968418,8.472194079133388,8.580330744971004,8.653316649698533,8.71187356267304,8.790424639213905,1.3319080276985182,1.2028814197372144,1.0969502626535386,1.00844899910234,0.9334252673380438,0.9092420996241993,0.9134250317530068,0.9179276359227162,0.9227574292037961,0.9279225723907967,0.9334319051543436,0.9392949847937389,0.945522128919987,0.9521244624406768,0.9591139692651457,0.9665035492015958,0.9743070805782802,0.9825394891896899,0.9912168242471987,1.0003563421034372,1.009976598622663,1.0200975511877528,3.2046730284304203,3.113127111131504,3.0529167221228066,3.0134774008414302,2.942756153165987,2.8442514331522637,2.8120480615397763,2.7429769532643036,2.7019383682624505,2.670547349216298,2.6203737698699414,2.5883595085942486,2.53938934402699,2.4968994988202566,2.478298636423295,2.4271121517149883,2.3854358423052613,2.3623234742474746,2.3236962577610627,2.307602554972342,2.2593219304899517,2.2396550808517035,2.213778939966808,2.1950725888203415,2.1784602608961303,2.1311783571177703,2.142372836352921,2.118510511781366,2.0774403958248335,2.0975253991670377,2.053346205304718,2.038363241044132,2.0316199861268887,2.008360658454681,2.0045159876239174,1.9984118684153185,1.9946112031299024,1.9710948201115497,1.9488877265988878,1.9297640271567895,1.9519701713475648,1.9365974680133546,1.9273685153947469,1.9175755935034133,1.9140476361822867,1.9081795836480495,1.916377419694349,1.908253802657012,1.8965625723760542,1.8690964764225093,1.882060263868576,1.8797867702485869,1.8833281591306135,1.87856176970966,1.8599280266276748,1.8809865526680487,1.8810045727807654,1.8643232668305927,1.861050883130449,1.8776247558976642,1.9009845530527316,1.9040802106255417,1.91354575600684,1.9087568121504286,1.9115323494321097,1.9117256608100714,1.9152636850817337,1.9307600684643933,1.946969836060772,1.9415334974154723,1.958417914568041,1.9679863012004883,1.9935514071134202,1.9824661642912098,2.031338939937285,2.053733306589379,2.0348156022454886,2.0464003113951623,2.054910289959352,2.09860014888334,2.0740266731149,2.096205684882729,2.119112581555681,2.1262565746431057,2.148720763638436,2.1832242812424827,2.21749143626416,2.2395927766990726,2.2661797895137594,2.2994397362630283,2.3215907142252865,2.3372623131845116,2.3783936549414166,2.4402768425527386,2.4431533691344454,2.4934825844497297,2.5139317671320716,2.5474483049355165,2.592175614832365,2.636895627002041,2.7017876675097723,2.74937779149304,2.8070455581933254,2.862381344759038,2.9241963063097405,2.9649841260616085,3.039264376110441,3.10290846426407,3.17685587587239,3.2814446188828206,3.3505022666519735,3.4420611751517916,3.5192863345104834,3.6436520716374217,3.727086388300248,3.8607416925113105,3.967559735447838,4.121461490449517,4.24213491785788,4.431616953733896,4.594841147958598,4.7613844376637955,4.963929449318643,5.161773534742646,5.4542679700564305,5.694041409841219,6.018988280551361,6.320809871941125,6.73821105018548,7.193257860842264,7.636605491860895,8.249921068836318,8.870953875910383,9.716708152969094,10.565443176264788,15.547178995884094,15.536556606188492,15.444765492890006,15.3456708027636,15.21132965822553,15.076478843104265,14.974029144804414,14.749961124559293,14.605849780787997,14.389048923549282,14.168172104477048,13.894266883502086,13.546721105559415,13.240907313697617,12.744777571300242,12.234730060131792,10.937049791590093,9.661554488232001,8.497910024018399,7.71347693430295,6.947858690973117,6.3389643814831205,5.912531307161108,5.4489599116130165,5.108803162137921,4.788251525604114,4.544081716336798,4.282280790443811,4.059999457068445,3.8678824165435812,3.674153859015389,3.507303686660194,3.3856404135926645,3.2617120348378585,3.117605502373016,3.0448160931287696,2.8967892402660875,2.7973408264552786,2.7199364988188783,2.6476972488877855,2.5599431480805657,2.4711283083964872,2.4123257701373526,2.3324828668152127,2.303022154012209,2.232373860749036,2.1890945986789574,2.1435081713104234,2.1139114665609853,2.0691565426471925,2.0020789799096086,1.9739311609813666,1.9308075112521785,1.89244037775525,1.8417047148362535,1.8311072267675188,1.796778652720752,1.7934618874847226,1.7526290537496132,1.7414996019961269,1.7027172440752067,1.6614158279090936,1.6637950986635957,1.616145127351934,1.5980154122137777,1.6028314569295066,1.5579416307900078,1.541966788836065,1.5561585272736724,1.532849975291258,1.495532548983219,1.4968819199949406,1.4842257578862375,1.4625964726867098,1.456448588913983,1.4489116461061142,1.4264699911701986,1.4055005250548853,1.4208485278298415,1.402961317874516,1.4168444992781766,1.3661680761475739,1.3795994071996158,1.3843887224653633,1.3751759576200382,1.370245906577908,1.3620470626414851,1.3508968277929,1.349985723601877,1.3379851254958077,1.3386632777905851,1.3672981782477702,1.323034523097188,1.3114778839005359,1.317246606152658,1.327273229676114,1.3079261924571561,1.322240969005103,1.2850919519967314,1.331750457268003,1.31847580997057,1.3191291604158915,1.3322452029937704,1.3119117362954629,1.3119185587611473,1.3176151915094145,1.3202436340911738,1.3399269725639187,1.337643412290565,1.331590216774626,1.326296412147887,1.337977552427142,1.3611942711545415,1.3760853746221167,1.3490237709612842,1.3885550408775111,1.3776175899811742,1.3825827941099473,1.405940247552887,1.418062244303091,1.405055469297616,1.4293378947537754,1.4347432718172544,1.4435184452466636,1.4616197698457594,1.4705304284029102,1.4883685564815823,1.4914519814142575,1.512549543525503,1.5199158695380748,1.5222746092421966,1.561423267342119,1.56702827413623,1.57199924324018,1.5976651592322826,1.6236209978395097,1.6437552744501205,1.653556642863215,1.697511243281923,1.6960643510036797,1.7441913656247983,1.7637183185974032,1.8077538241808275,1.8599778922424333,1.8574113911399455,1.9024901746156964,1.9293016957487532,1.9839622854359575,1.9964912304322526,2.0524677117027506,2.0763132350307543,2.1445288785877046,2.1761959230598693,2.2394460335528064,2.2998477748672914,2.3510597368881623,2.4323410079200154,2.4862935213253903,2.5405302808584906,2.6154217710468455,2.706021945715405,2.7915350949977,2.862967002311194,2.983807809998727,3.09153085204821,3.230406307060446,3.3377586485033,3.52187937240598,3.635196432856394,3.847817001413896,4.038067307484063,4.246750147005472,4.506723052427338,4.74752625979427,5.046321774207255,5.318013064937795,5.554116211514442,5.728512312125521,5.929986546191053,6.129008630980692,6.318369013234164,6.470862651172544,6.624434067781406,6.803872035255148,6.9338935155918255,7.063017726367311,7.171504288854696
7.9,-0.011109969805112476,2.0,7.483585004207435,7.590453529504304,7.730023764613446,7.837537313556786,7.975795547788069,8.061500810769571,8.216878031140055,8.314443573968113,8.405885596668758,8.491613248880434,8.578322389519029,8.673500149407596,8.745902760372614,8.83250369785757,8.885933777269514,1.4064031123803937,1.2515987761761513,1.1278038372542236,1.0265783651145168,0.9791756846386536,0.9829801635355047,0.9871162928081777,0.9915908150160663,0.9964111002422131,1.0015851767327968,1.0071217647941042,1.0130303142226318,1.0193210455788575,1.0260049956543935,1.0330940675263325,1.040601085642398,1.0485398564368749,1.056925235041265,1.065773198726409,1.075100927795823,3.482829247543021,3.386271932585851,3.2882482930289916,3.214094030556478,3.1719570775208212,3.092680091206709,3.0238322019202055,2.9464367542047682,2.8774514315235016,2.8138097938224527,2.7387758234783917,2.724309291162565,2.6573538414869327,2.612854482504624,2.570314638493395,2.5420191561453476,2.491375841531905,2.459359695179513,2.4175310703996624,2.4021726521170352,2.3734202274864518,2.3162319616394713,2.298330789134772,2.265394074637284,2.2323944020864706,2.212792437630023,2.210938397913007,2.181313235284966,2.1420618160674736,2.1414037098313266,2.0992668463502127,2.0980213932552676,2.0593670866970997,2.0604254501571586,2.0526214344869946,2.0220440327173925,2.0157000823302615,1.9916624631243045,1.9561033142400814,1.9821852704455656,1.9582369377939852,1.9641647312011907,1.9539828888299464,1.9306868446074115,1.9179924889612259,1.9277853718670899,1.9331401709735399,1.883059600816611,1.910234803933108,1.8923301187390145,1.8919926402220308,1.8878938888284928,1.8767670706569313,1.8955627198579448,1.8977953411508774,1.8807917136883303,1.8756587099307946,1.8724122586230842,1.892617285945281,1.8734252732827734,1.8738367161910008,1.8875256643808296,1.8692759968397104,1.892722374498081,1.8646678302800161,1.8956572311866866,1.9079006217237735,1.8976003646853834,1.901004700056526,1.9063286799976236,1.9157183377488767,1.908488997978315,1.9513636976439497,1.9545436501264974,1.9425019024059373,1.966141661160778,1.9822675368503735,1.9662488189945122,2.000961960264837,1.9904351164820506,2.0163016218065315,2.0395005814999756,2.051599786014274,2.0546081159415093,2.0810447784770973,2.096462646968507,2.1096380285370038,2.1468968233682615,2.157342847152906,2.1769899842272378,2.2139282651538457,2.2408386629260186,2.249267025718704,2.3040854258193755,2.3267103229963486,2.3275614025628477,2.3726917362320887,2.426653288676602,2.456693790063688,2.48106283991014,2.5081008429095855,2.554822168772912,2.619397464371758,2.6532884479086585,2.704716208254897,2.7515405498921734,2.7932077354226266,2.8525648563330277,2.906728672400951,2.980808423276166,3.0371049464303197,3.12499056465857,3.1849527092654837,3.2749457607134818,3.3663380219446313,3.473840140110183,3.574431726550458,3.6752950199002132,3.769937025688964,3.8942324097103693,3.9972957753862204,4.135652795665179,4.303377831258906,4.4824424970816965,4.649271670860628,4.831304841575418,5.052086651259772,5.28123618797043,5.505990520831786,5.819615475181555,6.105470795469307,6.479660020386717,6.923080783259659,7.345596203850548,7.91108575877368,8.449844719118708,9.22575435923781,9.987874585841789,11.096591248592535,15.362369844382236,15.285970368931917,15.18955755334047,15.10541797145736,14.981191172361093,14.85068655843839,14.652780541313302,14.49122937604663,14.31180022563353,14.052368378212448,13.851482884779138,13.55596676833375,13.25775466950693,12.844020521012643,12.422615878825477,11.75317880577545,10.469278070509516,9.131293671980291,8.101061711918637,7.378665538709536,6.67931972555027,6.208240266313798,5.716297154153089,5.370372103161186,4.986319837956351,4.711355606883713,4.441102216918733,4.1851581437741165,4.00453748705113,3.798344457624744,3.6462862711835493,3.515804057146917,3.341213614563255,3.1827931808095324,3.1030927574732203,2.968739021670097,2.8788513876723774,2.784533770422068,2.695719388054279,2.6344093564048134,2.5321246392074244,2.4648793366137514,2.422646408784934,2.344889395558365,2.2736624939245633,2.245080135232467,2.176460846832895,2.1425318680693475,2.1126861877783347,2.056827217052059,1.9881244991615417,1.9610860655096243,1.936636689885738,1.899026745813254,1.8655419689206352,1.822568857406185,1.8119448756650764,1.7880665338927986,1.7302158870890396,1.7055585914916254,1.706031113478163,1.6893959298182932,1.6384731732904643,1.6356039818667396,1.625295898298079,1.6029650961254471,1.581123043905877,1.570821297712793,1.5434643806310515,1.5050449126626866,1.5162266854724882,1.4818638928531147,1.4785949982531759,1.4681845257484363,1.4566886963574794,1.4403827435742464,1.43866931539623,1.4161110534616974,1.413556227852173,1.4294693969088004,1.4055049218727405,1.406025756788697,1.3729833218956604,1.4007879160963341,1.3666156586527287,1.3844799395479017,1.370044385979335,1.343198275462389,1.3581854111199108,1.3546633010478955,1.3186548254659658,1.340643594557006,1.3558087257218945,1.350007174014678,1.3396156287220953,1.3334518854245467,1.308557253394885,1.3156898568468263,1.3165680774694015,1.3049370005535432,1.3116224340507552,1.3086516409378441,1.3466348053007846,1.3453611837414987,1.3396750449365418,1.3474755730040773,1.3533713168540873,1.3454416197003836,1.329972643131225,1.3582148718026807,1.3659319343887935,1.3632285751190822,1.3508166445347138,1.389348360214019,1.383472771299349,1.3740219999477445,1.4030372208726807,1.4073540112112646,1.3845807462235158,1.432813937857297,1.4191970986056954,1.4374602604850941,1.4593436615265163,1.4530126406818875,1.471954678251047,1.4721343785832495,1.4895686066879281,1.4815556414872437,1.5064602374706462,1.545490336761439,1.5520927875572355,1.5545287437107083,1.5831488869861525,1.5836673278990665,1.614850863671406,1.6440243557174261,1.6532548346809823,1.7026593173508637,1.7089544379453636,1.7594863742737632,1.7671790222257036,1.8013394953313087,1.817161211795309,1.8771669801550654,1.8736233344511437,1.9324900365187385,1.9750501680858994,2.013901720891566,2.016214584757673,2.08488082362179,2.110133399981259,2.187773622510865,2.215845612858608,2.287430671412309,2.3357016215671487,2.3823848264013083,2.460460368595422,2.5114638278070047,2.596878089001977,2.6876687385420666,2.78280244997362,2.8774608737347873,2.954882625441743,3.052742811505569,3.179530294911225,3.318651632387792,3.455726361364886,3.5630494744648304,3.7668889710865097,3.963065490729283,4.147449961801585,4.39762650652647,4.6290140401289195,4.948902472322816,5.215811833034426,5.504385473465322,5.77488494630416,5.980753290282508,6.177787853402031,6.3420269443201525,6.54232403877876,6.703399654399768,6.847024613370461,7.030732371284971,7.188088790362433,7.305979588419172
8.0,-0.005474910902186862,2.0,7.63282130926003,7.758247137291772,7.886670785322813,8.030446140468833,8.13456869257966,8.250362772241802,8.355912318064933,8.486115475195925,8.563514269961539,8.694880042110764,8.758730813501833,8.823038241514945,8.961876708364771,8.98644651926611,1.4637189880672292,1.2791714925389255,1.1362570472265288,1.050569129403671,1.053937942922739,1.057651759869134,1.0617165170880882,1.0661387695675344,1.0709257168895354,1.0760852326751555,1.081625897252997,1.0875570338114124,1.0938887483276256,1.1006319736041483,1.1077985177845484,1.1154011177675625,1.1234534979914819,1.1319704351206636,1.14096782923401,3.6984214186779694,3.612320487987559,3.5055947689810036,3.389919176110175,3.328326368103995,3.2329227977455535,3.143811944751022,3.072229297824524,2.985499346077583,2.9352653822989145,2.8798782738579805,2.856323917826887,2.7836552751465793,2.732945575926904,2.6736584881414984,2.6192876307080755,2.5610255682832594,2.567197151642546,2.496737625093234,2.4687247445509297,2.4136284166082134,2.3883881155615407,2.3518315606040687,2.30740023993216,2.2838634945878384,2.2641010128166985,2.2306902587791084,2.210490616598481,2.1664795311476275,2.1606225562727976,2.1484019060585395,2.1012122605950028,2.0918300126453184,2.0657895807772317,2.060743683003346,2.058534623677348,2.0366713439060113,2.022420598556054,2.006818749817015,2.0123637829870713,1.997285612863922,1.9773571908591732,1.965089503899696,1.9255582660500743,1.9331979722298558,1.9219910990086613,1.9187555621597598,1.9024130903993655,1.9059795771206454,1.9104048172351118,1.8809337234426948,1.8915335448639405,1.8764663310491,1.8689611739578564,1.8745548032947055,1.8735718507537633,1.8645332570423347,1.8529407952170778,1.8526891396417275,1.8683276164396307,1.870057049641408,1.846527168961207,1.862292854806783,1.8758457669265052,1.8615742402606703,1.8604673836516312,1.881369170341594,1.8832825713284271,1.89226594814062,1.8732144925118233,1.865739420555125,1.8818304993081418,1.915462003722327,1.899876838203446,1.9282755748918763,1.9142100415499508,1.943868728403195,1.9361618012058943,1.9698501496918532,1.9444791877114698,1.9914331491639587,1.9967473985540065,1.989321271119594,1.9929042893633446,2.02417411027578,2.0480103700263803,2.061779656918242,2.071125605786751,2.086592012988919,2.1335583957302378,2.131553779755277,2.174888791730266,2.1888330419019613,2.2223577547269837,2.2547448533613057,2.2735815922198834,2.28996421122018,2.3102531445455123,2.3817843395621545,2.388947813032555,2.411597675142956,2.4577599479931633,2.5058670402941683,2.534853477081922,2.585145334109067,2.6232098344402983,2.6816775320652035,2.729142361057879,2.8008302754484173,2.8349718531976413,2.8648795583616233,2.946887875514599,2.9998111324191705,3.087162955615684,3.1573427651712267,3.2262131438558592,3.3214969167554327,3.396471220204575,3.5062506150908197,3.5984604181760966,3.681083821755912,3.8445370735290885,3.932117253075339,4.091466073639115,4.232976743733958,4.387776965956099,4.528325237259632,4.742517207276729,4.928353101804916,5.178499749434694,5.447644245542017,5.68598910098118,6.019622290322503,6.326150218566699,6.760487373108951,7.1126453444584685,7.663614819753551,8.187559262568527,8.906965086436857,9.761064907216399,10.619153330744668,15.168089376727645,15.113659741151062,15.02116311252386,14.929833857923178,14.82282785609489,14.688858694536737,14.516422317929928,14.353445830333351,14.16965788588944,13.95817221261121,13.769307098614822,13.482812707518594,13.213561497234373,12.840414949970068,12.498524172794514,11.9283235759531,10.785799532496412,9.59621269642084,8.458224888852346,7.701606634583589,6.95944129911623,6.430246781651639,5.919101882024019,5.532107387894622,5.14311038249648,4.824915020474863,4.559409177910727,4.312811808375546,4.113301238361505,3.8712328776357157,3.703710050654857,3.5524903911187184,3.3950392011616017,3.286605177591832,3.1396075844732088,3.0313378546605687,2.9424266950709987,2.8548952890901638,2.7341035995753344,2.6944303105349223,2.5741347894734625,2.5215897197242363,2.42964612907758,2.3782676690848006,2.3172262290972148,2.2303791395887504,2.2049623270101852,2.147148229188139,2.1315509301040585,2.058834189644038,2.0397196132351896,1.9977149451600922,1.9595153119431894,1.923128371374415,1.8566710327134759,1.8408198191597536,1.8266047462452506,1.8066148856955602,1.7861370614007386,1.733769106912883,1.7187787394384235,1.7020762966139737,1.6789268838715605,1.6512680607800032,1.6416872551576212,1.620650747574319,1.5990811611361324,1.5835198711670222,1.5769003358975306,1.521826663919418,1.5402426055535647,1.5299020045953382,1.5017513910568518,1.4794437007816916,1.4941027459368896,1.4775840540778773,1.4613323871853001,1.4363498651513313,1.4270423808567447,1.409713549335599,1.3937691104909,1.377163522944981,1.3857827018408624,1.4027797776531956,1.3898523577391821,1.3730259940605574,1.3604468411225805,1.3482797898151884,1.3555826357857463,1.3598751604237527,1.3656788501801562,1.3644125531514226,1.3516042330660851,1.3406920966654303,1.3396083559703442,1.3285890965114524,1.3558366737959355,1.3218719243683679,1.333997878640322,1.351355621266084,1.3394730082751332,1.3297028160586244,1.3326894077884561,1.3402102253841144,1.3461812645409215,1.3335532880691272,1.3443956608453882,1.3654508251783877,1.3465717473693215,1.3614026230166758,1.3599553644464197,1.3566525202518367,1.3692715147630208,1.3817595030048382,1.3884878276715613,1.407942260697968,1.3889004402798781,1.3979558501941407,1.4266271318136625,1.39255104206385,1.4254512525685097,1.4378433627956415,1.4532485249012912,1.4666596783193009,1.4825871813123794,1.4934844889105123,1.5109314894529837,1.5107476670020723,1.5345103619034652,1.5338877709616314,1.5671811897569523,1.5650131060956465,1.592632544328524,1.6434065595053358,1.629688688402171,1.6489922776493386,1.6794792703864119,1.6895428811193478,1.7119013150623856,1.7602765242679828,1.7935616844022395,1.7952364466772115,1.8567402514560192,1.8632819064985322,1.901030889330136,1.9169245922563307,1.966311031675984,1.9912884447413481,2.0304730429166096,2.0672254568131394,2.1395159618202744,2.1904685604750878,2.2334226148722682,2.2899340716377634,2.3247443541547628,2.4031654356152927,2.454765470775361,2.528595016909541,2.6248118551643222,2.65654684026219,2.7477738532295715,2.852195472859183,2.923777536770798,3.0215825786041233,3.1567288263362983,3.301868759736867,3.396897718188502,3.5829948619450076,3.7229263699112862,3.9079990161607587,4.109003239666074,4.346807527611035,4.56616349037511,4.8822869821996,5.1900701717820095,5.534944087633562,5.826062965743995,6.021152419412923,6.245344932417499,6.426392961754436,6.658039342421059,6.847826843583404,7.019041936364744,7.208897589451222,7.340529429022208,7.496542891783459
8.1,-0.0034831394047323255,2.0,7.834675627939369,7.949582415377514,8.106392387806787,8.217045034249615,8.352863674245429,8.475359617565257,8.582613361274788,8.697370357419715,8.809959208508767,8.919402174468786,8.969168555311683,9.081402010436387,9.160717622392811,1.4813478352036418,1.2719704040331052,1.123210106386391,1.126161239562858,1.129473005468043,1.1331506236345255,1.1371999331543223,1.1416274157260937,1.146440221536491,1.1516461981720318,1.1572539227843768,1.1632727377611702,1.1697127901871855,1.1765850754168161,1.1839014851195975,1.1916748602060652,1.1999190490926177,4.06068876296352,3.9298645310408884,3.814333566694508,3.6822639520569274,3.586690461324593,3.4619203726695584,3.3755515046281905,3.314759157798825,3.2150508042817085,3.12702529886026,3.0766389509043734,3.0173676783296446,2.929717175709889,2.868983872616789,2.8386580755140276,2.7751524407323345,2.7178729611785473,2.656247404830687,2.6080111484814257,2.5531320020377595,2.5278780490269392,2.4885073048754687,2.4313741436659093,2.427966514565209,2.3614162795290348,2.3478041381473296,2.3126470601723126,2.284912992646966,2.2548702467426747,2.205109008288335,2.2005655545998652,2.170664535722454,2.1642340502417654,2.133571647869953,2.1019376348682832,2.099072618452544,2.0681731268492447,2.046684417830734,2.039427806213535,2.040261345972161,1.9942694338152431,2.0138975907914274,1.9870284202757993,1.9680161070141569,1.9629632565558583,1.9480421180917789,1.9222625780914702,1.9367077323043527,1.9268129238890481,1.8893843244364363,1.8930734800466333,1.8652461515563743,1.8791992763733285,1.8861502071513747,1.8638836616362857,1.8789028166045172,1.8615349086982256,1.8457380061729274,1.8521891245902207,1.863139826185172,1.8557389037293257,1.8464537284831117,1.848811114460018,1.8442619489136527,1.8394479389257667,1.8680720453569035,1.8636482798138476,1.8704304967091414,1.865281979525324,1.8520220704769481,1.878797514671498,1.8609513499311998,1.8958010151104816,1.8925555293441783,1.8882707545915638,1.8763093768011252,1.8899614791355526,1.9073035083294612,1.9295937421980256,1.919659060210984,1.949200304866342,1.9374377894887367,1.957021707773757,1.9532194230447044,1.9776882675092564,1.9950286500947259,1.997525182351546,2.0212019590235393,2.0290537795636165,2.0566134147766006,2.073719605744888,2.1032780892639975,2.0952671672699026,2.171877165447518,2.136362356265141,2.185834589800351,2.1828468500798754,2.206076884213718,2.2671688120309823,2.284208319250964,2.3232938281351063,2.3539787940242354,2.3878443810056993,2.4235103428495686,2.426410272585188,2.489532489839001,2.5210787009790447,2.563585819663395,2.5914957057385366,2.671288289242952,2.689796082751678,2.7436930235289103,2.803216704979052,2.862380055609628,2.9253816778332236,2.985189341643274,3.0593646512769106,3.1110425229746563,3.214534560894398,3.278658169530211,3.37144964867531,3.4748780808103263,3.5774925668370217,3.6845966463239472,3.7921505722074493,3.923980265450999,4.033451951799568,4.198709739769921,4.336966713019662,4.505207451558552,4.699795592776902,4.902478160578972,5.1395115610354445,5.351445390664046,5.6344514461338315,5.926696064250053,6.268179236573441,6.627266108379471,7.089085842232022,7.628420007004422,8.13753342677205,8.818726668758215,9.548331231496439,10.559158690127882,14.9685960494005,14.904367921258062,14.822559189197328,14.711132352099636,14.616281032624741,14.487038671546316,14.326839968406077,14.218652689914025,13.978720149352363,13.811651553728666,13.569486030762864,13.31835817844528,13.03647898644815,12.670643860205502,12.327004301155027,11.812415527019185,11.17479015146131,9.686213010030325,8.688334242518726,7.76317384368068,7.0209724003378025,6.49669116681564,5.953561420633706,5.575393404681167,5.189909030889063,4.900741922411929,4.597308020102596,4.389191283192773,4.123783746454131,3.9078740697366037,3.7607853452954796,3.5879397440315115,3.4563773926351486,3.3114188312274364,3.1936914097793676,3.0932875251916947,2.9784972028437955,2.858852607021507,2.7700522551156883,2.7245305105955557,2.610235670934508,2.528742615636005,2.470302146405704,2.422703785098855,2.3373560538381,2.2913983560688984,2.235893667688018,2.1989598907803853,2.1297689185961346,2.1099614047816924,2.049656078039209,2.0185091448005212,1.9739333361690687,1.947756000227682,1.917367055783135,1.869105790375498,1.8470471422448937,1.8272278039479373,1.7858889975199335,1.763207371874584,1.7516716970246757,1.7265778089214332,1.6784369676138187,1.665589778570477,1.638546199789563,1.6417068846058895,1.5960637673946803,1.5669127301024455,1.5903403793527606,1.5684303601649068,1.5555753223752584,1.5304524804105977,1.5152974116707303,1.5088086151186617,1.4959183520455364,1.478993058059313,1.4617723078035327,1.4499311540072313,1.435954487767476,1.4428940120133313,1.409144962381446,1.4427089276172396,1.4359986721374542,1.4048105999415825,1.397053623193352,1.3970508604199519,1.3888962273166083,1.370090287014984,1.3998946900025893,1.3841802794341087,1.368160937444643,1.3588990508227774,1.3655947244846085,1.3632479514539482,1.3518584283783206,1.370202265685493,1.3699650725844525,1.364549207307697,1.3611102775720447,1.3557170092185657,1.3438685652088158,1.3459902256245206,1.3661724177607881,1.3745726937382075,1.3560436615695586,1.357894412666896,1.335024384071261,1.3638318487785857,1.3779540092029574,1.3712597195295837,1.3854883736590244,1.3749520181555726,1.3829927055742544,1.4062103921708278,1.3883184619592963,1.4113739203117743,1.4030316735918706,1.419526071404291,1.4076560962100009,1.4376999964409747,1.4389882623677461,1.4446365862548085,1.4726819485313918,1.4847477794988047,1.4806300675307502,1.4880527472889749,1.5200505153109904,1.51352271501922,1.5327766496694033,1.5564025712989336,1.5938853694870254,1.5703494677925947,1.5976190520336744,1.6152915631543987,1.6359347111360627,1.6539297779681157,1.6526320525225286,1.7116340042426124,1.749480912071418,1.7640993801474227,1.788871976297582,1.8113469301908065,1.8768056513061495,1.8793722049814208,1.9063141421041483,1.9487330634401985,1.9874854647026101,2.0266118933632207,2.0440169034127824,2.1134477050804095,2.130564339218603,2.1700677992702806,2.259309791768984,2.2965774891327158,2.3492579568818863,2.41918360051517,2.4719827006812323,2.5407013319288025,2.6219805241282823,2.707864454168848,2.778310121975567,2.8451649382985926,2.9879272915310926,3.066907181093011,3.1996061475668927,3.280787321576522,3.463990798106168,3.5915317770497546,3.7630271452436883,3.9232784420297766,4.146264427638835,4.367653546955625,4.603971922526311,4.900675215661395,5.211920114338029,5.589057525038069,5.8924638990114095,6.151549094144921,6.3816429130123025,6.614423082450798,6.809135202819271,6.9904272090432364,7.191187780520844,7.350562599387892,7.525391247263097,7.6501058994259195
8.2,0.0,2.0,8.002996988571676,8.189065689676287,8.295269785585727,8.432870975076648,8.525798327876375,8.694883183336662,8.806265596929043,8.88428852803381,9.005566696358228,9.108220691458941,9.196185992267413,9.28171174228771,1.5173976796235449,1.272484668346762,1.1991562877039346,1.2019819914335594,1.205189161141896,1.2087828221917323,1.21276864362488,1.217152960332455,1.2219427980954098,1.227145901682913,1.2327707662222105,1.2388266720823042,1.2453237235455543,1.252272891576647,1.2596860610377716,1.2675760827429954,4.329177265918988,4.209905826715763,4.036943621269203,3.891605422986386,3.786137236111393,3.6690615082985674,3.5309645862038517,3.4670981061757193,3.384433089873692,3.272595495679507,3.1927392519407425,3.1239803422720476,3.041354763095372,2.9827080169107765,2.928206030136084,2.8645838142807474,2.7808916426106163,2.7331476548430222,2.7005144916899977,2.638094776699255,2.5889595946722435,2.5482014949010607,2.5292227243018206,2.4713392421638942,2.4168447791840397,2.4089527175252567,2.3567130293855145,2.350589944521732,2.2993141966819484,2.2754303073930555,2.24938772205075,2.2083097078007485,2.174195221900516,2.172546261876743,2.1581454110685305,2.1130413474459604,2.0977226970656315,2.063365132836503,2.054018285550031,2.033569671161087,2.0210551543849715,2.013073472284901,1.9890780513512052,1.9700328368255895,1.976727933129083,1.9566206556949282,1.9469846506678288,1.9492566293264253,1.9202265900681665,1.9231870615043702,1.9047914016328276,1.9176372121306584,1.873564251050539,1.8691151702608007,1.863994154115109,1.865377434334689,1.8626088036682917,1.8573455589001413,1.8527722302315246,1.86000498608582,1.832376463358955,1.8394259725465778,1.8500112888766957,1.8370303018502439,1.8445718550203725,1.8601067630926718,1.8579754328807305,1.859440295033061,1.838557923450765,1.8420469432952764,1.8250015669666784,1.8317933222062392,1.8660856080494683,1.856255830029933,1.8586485125324803,1.8622456810300028,1.8872963552749527,1.8794117104459316,1.8975362399038633,1.8975351366703785,1.8990426353139647,1.9290945257910779,1.9212950729262386,1.9449930437907903,1.9367457680377789,1.9601361954812937,1.9769496683020682,1.975880207603755,1.9918747680511006,2.0005937188898737,2.0305789968227543,2.039168262104911,2.052729852019348,2.0818213656166766,2.0933425239762213,2.1236283700808145,2.1389425765827,2.168378270235294,2.1953893450907604,2.2085546875494195,2.255865179796115,2.255551890951694,2.281814215715369,2.333561639478926,2.3695930244796477,2.3969936906440217,2.405413364366963,2.45704739201496,2.4868034179332326,2.5485402935069468,2.5885707306028136,2.637997278709261,2.693083701373465,2.740284154279995,2.789480506102632,2.8331235437013516,2.888469436034484,2.997562042998614,3.069720072714895,3.101821200069987,3.1961368600797333,3.262000832850351,3.3563634100889845,3.4378861179439597,3.5479710606564816,3.635938841875493,3.768479691833205,3.9030866031273113,4.012393193240295,4.1919078939331875,4.317491354516789,4.503304779974307,4.654368859662915,4.874793671522492,5.06136542339659,5.323787646838818,5.6175187051503865,5.86721041322403,6.2349773581872165,6.5856397517482685,7.032717170459619,7.493289959366747,8.082670209911448,8.672679547767824,9.495961832799855,10.499504354130385,14.772905537306917,14.685782335619674,14.631004486264427,14.514007912012355,14.421263193222579,14.279039775973851,14.179815195553026,13.986107240320079,13.806965485750078,13.613488911518031,13.397006553603669,13.165282193009748,12.855239909656955,12.594369730869719,12.199564337827045,11.784887609534593,11.113682297223992,9.766148983167065,8.7925439741475,7.820683096879701,7.1908781732992155,6.55640398329571,6.097872274265814,5.628922276778217,5.290026937399165,4.944054957456023,4.640164423712622,4.420613538860762,4.161700070492498,3.963692337173561,3.788126957809918,3.6433542699397115,3.486883901746633,3.351435515319996,3.2248055984110358,3.0965774752288615,3.016044200559915,2.8935388778537203,2.804115891619215,2.7110263101904803,2.6364243537253493,2.552981349065748,2.4877461848737488,2.4480849205975184,2.364423305951618,2.3190214816924057,2.278899374785993,2.2048863067258586,2.1642371423927282,2.106884668006201,2.0885957003865645,2.036950847674557,1.987259658142698,1.9778003397410873,1.9239964247319348,1.8691358578122999,1.852474019327728,1.8368296993905064,1.8042526054780448,1.782038375956687,1.7416211041619578,1.7227703264194456,1.7076348158029824,1.6640225640725022,1.6680218587275755,1.6339289415384017,1.6235550095274731,1.5971507698877194,1.5744946478682058,1.5625075308187713,1.5583774216758695,1.527278431075281,1.522813891154915,1.5195553721723305,1.5078997523838715,1.4901013584375162,1.490053742161672,1.4468869563135411,1.4504381773046866,1.4341533348993394,1.4357598267114267,1.424940078470257,1.413907459962454,1.4129739204980722,1.4112921732783303,1.4008002394029497,1.412198987263385,1.4038371851014904,1.3752660029388062,1.3893770353714943,1.3737365855000385,1.3853661954356353,1.383358157739529,1.3609690470170728,1.3608165502516198,1.3725222247171298,1.3530097288645317,1.3883269847137034,1.3542029698901592,1.3579958630877513,1.3640905889900419,1.3791421997545714,1.3640290724320734,1.3612428068524238,1.3559353023431249,1.3410117001861097,1.3843120794026686,1.3936759613538445,1.3688502270921206,1.3826438143023034,1.362866347161798,1.3837629578097381,1.3864615636667297,1.376544398258932,1.4044528327690915,1.4185871046384433,1.4060629353146017,1.4129684706533512,1.4444403193320048,1.4300818203676542,1.4740116456933945,1.4744214399330127,1.488713067286247,1.4887907968150198,1.496812060866541,1.5264576698784451,1.5106811732159324,1.5563136796547874,1.5741901926589181,1.5530920548053748,1.5923794212225308,1.6033702010786715,1.6375142706327517,1.6372157982106605,1.6634802938866673,1.668170650528365,1.6975708448329363,1.7341680114078835,1.7300403572906267,1.7593320643130672,1.807599023801539,1.8414159568091326,1.8725012579730167,1.8748262049519877,1.922796950555356,1.943492010784473,1.9879330762266587,2.020199846205151,2.055047843772164,2.1114092796917863,2.1424101408657616,2.196192581322264,2.2801687022846204,2.2801654258313957,2.3707592526348624,2.436089807424353,2.5087410187276284,2.562813857162592,2.6522592739621955,2.7226939769927574,2.80396160202731,2.9143316039892664,2.9554553020515844,3.1148839593878987,3.216078128111004,3.3462057083181014,3.452982973036017,3.620821628541567,3.789205091108546,3.966206142655335,4.15211119795523,4.366738164822134,4.650437186246041,4.879753816594849,5.240631112958371,5.610774962359394,5.925045119208916,6.247216376436502,6.503705319172687,6.753856694498619,6.942126884766515,7.173923380204232,7.331118323383394,7.5445824237383015,7.722285124112944,7.871023279666486
8.3,0.00018574607427718996,2.0,8.258643076275813,8.377252318218359,8.516495245495989,8.643524835979155,8.797945329254285,8.882085297878497,8.997556755384531,9.105053318514365,9.220292727846719,9.31473193993291,9.414634385717996,1.5402680790132943,1.2729902382169946,1.2753048143937786,1.278017974844508,1.2811339287541321,1.2846575366513764,1.2885943291127557,1.2929505282355265,1.2977330720368239,1.3029496419599296,1.308608693694513,1.3147194915461342,1.321292146621675,1.328337659132149,1.335867965153068,4.654591014622757,4.453933906029337,4.328236069885633,4.140464795093382,4.033377599008227,3.8837525913676125,3.7502276993557966,3.627041155735537,3.532691195562565,3.453729330393916,3.326980423376485,3.2672626215706218,3.1743676149901945,3.1045317024621126,3.0124764775266804,2.9502070062237493,2.8912928860084968,2.8519906235739105,2.781465625724271,2.743406043373308,2.6891135123692593,2.6266969079604086,2.604604856528239,2.5449533197713454,2.5242597668444477,2.468652272079722,2.4103933650194347,2.3703777268709323,2.3422563643667527,2.323570069451447,2.266356113504584,2.2729846973262298,2.2241830005426935,2.209007624022702,2.1798673745699877,2.1675673435444947,2.112401097214521,2.0917160929462013,2.0862026939363303,2.0511991339390416,2.0696502470298985,2.050570926752801,2.025382945383461,2.0007767209233553,1.9778168181878304,1.977023286328786,1.9402681220104037,1.9418912695438038,1.9390532232259199,1.925977981995611,1.9052590201159123,1.9047543666882971,1.9115280374632893,1.8751646829566193,1.8651823225754192,1.8596131915086596,1.8626456605409383,1.861202832992109,1.8681645391102246,1.8570817912349258,1.8366122990037388,1.8506588581838648,1.8480234095045829,1.8396568989837758,1.820916469187016,1.8367149211278948,1.8139704683267306,1.815257081445545,1.8167292973350129,1.8174868184756803,1.8096356417582842,1.8206948056730203,1.8375534290467306,1.8302916274016865,1.8261201016431916,1.8498547503657579,1.8240512517085934,1.8568625885658403,1.8450756447383458,1.8570707948941014,1.8837135793158484,1.8794447879126377,1.8853063193490098,1.910365718196357,1.8862725951047783,1.8881520800897393,1.9436112468027094,1.9235001281416209,1.9707697657348682,1.960136555248134,1.9708027518348967,1.9924086394048983,2.010846813921288,2.042114911829758,2.04147803151024,2.057083140763385,2.0817278618781097,2.0890126055347773,2.133710094831253,2.151398756177791,2.1740705879285436,2.1893411595981367,2.2154365176371082,2.2731774689498625,2.2692469486201956,2.316280126118365,2.341966947227195,2.374712904254219,2.4253931287678294,2.4661509391980636,2.4844430880825663,2.5446108482411405,2.594909112274602,2.624310810138614,2.6595968317172995,2.721444191129256,2.774912870968701,2.846533420027781,2.9172072495336385,2.966476035381473,3.0087189488084416,3.095594457811885,3.183716262596207,3.2409018585673417,3.3248336647879095,3.4384225956484666,3.528724274470861,3.6196663023467455,3.721268382369159,3.8844164068453435,3.9935007746709723,4.137586734982121,4.275180908479299,4.453351908373389,4.669837132526945,4.835779990664264,5.085271896272746,5.2898481760474905,5.591703500549519,5.841249732767715,6.197213387176704,6.544885416458675,7.002739546809778,7.511410356654398,8.014644585253086,8.749663297227587,9.442653842134773,10.456209953473186,14.538183109239645,14.509435524082352,14.437526885086855,14.321913637651557,14.168675543394968,14.096376679311046,13.929897525578703,13.815773333640479,13.595643542009581,13.42280836677419,13.223707095268113,12.983982147935562,12.681555243634369,12.364491686780518,12.024308084164689,11.529960994506311,11.049943702268616,9.833988701902907,8.860455058163396,7.8995153172899375,7.1562622604538175,6.5931397694367275,6.0515179571644975,5.679458102807438,5.290559105089461,4.980390644656028,4.6866340178316035,4.4309524685193935,4.193123319392035,3.9858979422792005,3.8056323603748066,3.6290886120362926,3.5080652643643373,3.344516402974966,3.243772958962565,3.1276591790392425,3.0121391752063618,2.934845444828648,2.8202448092353976,2.732037099522877,2.6727020871630245,2.5722443042027616,2.5242932576579387,2.4578137802534483,2.3848406847706243,2.3393992149241014,2.2668602614830022,2.218838201018857,2.1892355897747535,2.110499032302572,2.0777403737412072,2.0427428467248747,2.0184499422116957,1.9924975396686382,1.9469836151306854,1.8934890813116305,1.8876458710695023,1.843017179987512,1.813723769328416,1.8033902217075906,1.7607144771654861,1.7456216776048712,1.7195782762286345,1.6791031261890614,1.6827976741720427,1.6480630224460633,1.6305274529586113,1.6149444085824765,1.6036490116785045,1.5601486390874102,1.56652143126792,1.5463527767800722,1.5429706490034367,1.5022087028667936,1.5244197566033149,1.5030645924412278,1.4771156154037128,1.4847375018731508,1.4616992280303316,1.4504545098145099,1.4656793689949954,1.4417222691626805,1.4230931855934537,1.4200921862395264,1.4135604741406966,1.416209640436692,1.3803389617152106,1.3924003866977563,1.3857286720229474,1.403690051980933,1.3893997670051026,1.3920630290373794,1.3682199356227898,1.3973503673993026,1.3882232274397739,1.3847547525440655,1.3862985508459784,1.3758829129025425,1.376128320057861,1.405557945396096,1.3660846834260827,1.3992289021168753,1.3754361018626087,1.3871618661139828,1.3804408497700342,1.392145581151121,1.3892945370008534,1.3780556609408992,1.3960230547070915,1.3980930425199531,1.4112734208823854,1.4221321833140907,1.4093366678891779,1.424630317621813,1.427115981137396,1.4211132272904197,1.4372710395201307,1.4498326604502856,1.4569728804574753,1.4508032901999628,1.4743591185133718,1.4841481109160435,1.498239369435705,1.499285970375019,1.5252874763855784,1.5259401388476865,1.5351023411418105,1.539905869439848,1.5579575448646856,1.5752386359251889,1.604897130887649,1.6141198419350413,1.6358462781194858,1.6480757042520326,1.6969688999371837,1.7062173695649578,1.7107711046276788,1.72827907366853,1.770724305294017,1.8051323380130933,1.829711833221213,1.8447198050526827,1.8669213417629023,1.9083953792036017,1.952624456288039,1.9889300494821172,2.023349078700226,2.0417772232467906,2.095895608197899,2.1340384320324257,2.188395696466369,2.216438470014024,2.2851492781930047,2.336385709112137,2.378046091577813,2.4506147967267697,2.524103254337366,2.584774969926267,2.656081704848976,2.730793888624477,2.839126364625526,2.918498377485644,3.0346578517987473,3.1197128973605843,3.2425040279267217,3.3606938792479983,3.498932160680257,3.6394850115673414,3.803476105293941,3.9856623753975473,4.218133487202923,4.4529737832987895,4.698725850282879,4.990667569672115,5.282337543505479,5.664956589507913,6.061567858589558,6.397002233847247,6.624732504981356,6.897900847262578,7.15644039652575,7.328530053358137,7.548671740701979,7.728096667324832,7.904388941492154,8.062215708687363
8.4,0.004321256803430313,2.0,8.402670466594955,8.580524721929931,8.735362656152944,8.84583161932722,8.98099813662239,9.110017954716932,9.214559297954628,9.340180912138337,9.430359875766872,9.508190295257695,1.6244038495298132,1.3495155795848341,1.3516223052174814,1.3541489055891336,1.3570992848465704,1.3604780240975254,1.364290398922707,1.3685423997055064,1.3732407549268282,1.3783929575959841,1.3840072950140871,1.390092882094313,1.396659698494065,1.4037186298479343,5.041934907014776,4.848797268064698,4.618824776322848,4.441937191495906,4.286381988234705,4.126428808630283,4.005904497089011,3.87249841159262,3.7358917387306025,3.6112602945348513,3.516737070855445,3.429267521486953,3.335675348000285,3.244669245466861,3.1681592955551623,3.0819333546445473,2.972270297722008,2.949829448647549,2.893816146254932,2.8366917902863618,2.7483250785034827,2.7192359143262186,2.6555503610112052,2.6040624909270784,2.5725033019191983,2.523146153708004,2.4785896810321226,2.432821556354629,2.402575000398941,2.351517251940185,2.3562902421576326,2.297171288217745,2.2826474720634193,2.2408534277207837,2.2302455830338572,2.1990559111900527,2.1558435690248183,2.146723143273435,2.113503445960646,2.100407820624502,2.052746456222883,2.0664166739812866,2.042783456855815,2.02693444691835,1.9829539134032237,1.9836151766968837,1.97777016487157,1.9702382102565745,1.936897516375992,1.9592391207458206,1.9114100109434682,1.9011551061524796,1.8968637157758643,1.9035888302350532,1.8707563517828651,1.8895153126791457,1.8491303654354379,1.8527123468893498,1.8594236859294242,1.832792573838625,1.826138494993966,1.8348980813679976,1.8472960643600889,1.829713887045561,1.8063626697990585,1.814735470863795,1.794736859007096,1.8230413984550444,1.8254417741402043,1.8185334934201405,1.81446847617542,1.83163937421309,1.8204159541112108,1.819313849711424,1.83364281588887,1.826713768623048,1.8232298538429303,1.834895472672144,1.8316398091366837,1.841396779190464,1.8366831923282774,1.868552999335526,1.853366350915786,1.8808086271968611,1.8754937327383367,1.8847859137701028,1.899773187004988,1.901825225566778,1.9233832866790903,1.9253873912422976,1.928731933240409,1.965657188472254,1.980164576747042,1.9837116201852332,1.9922953183853493,2.019011006256308,2.055228895248641,2.047412033888777,2.070544765069224,2.120007260766398,2.1169434819278474,2.1307998455133768,2.1481411841026783,2.1829375302625746,2.2211048961398805,2.2374154158700965,2.270943340358359,2.2997793957732635,2.3496796101981143,2.361223222617251,2.381599156208656,2.421600324372124,2.466429571647326,2.508611183460626,2.5513121070533398,2.5999632118039258,2.6612181099098584,2.6936851135720303,2.7623436646411665,2.8200435715597068,2.882751616248028,2.9432017481738764,2.995771895534811,3.0836148768335407,3.172056215949582,3.2140024176579365,3.3277716284882133,3.4024315019659626,3.5156511347616335,3.612211489251163,3.723530227372721,3.8605458278686817,3.9775416278430042,4.106170967617298,4.269861789890869,4.44062480676854,4.590716772981598,4.818118725148097,5.050033361701104,5.255552330734433,5.535296037670584,5.8158832161152825,6.168809144989795,6.507554046449421,6.950802915129795,7.382130742610195,7.978041190922218,8.680446018088324,9.393555125384406,10.387031413967346,14.34520716312585,14.289851640451035,14.228180404113752,14.107886592263775,13.982909955566589,13.892414931649679,13.723922751200892,13.6051287065949,13.406614067234713,13.25146773575817,13.001321075099638,12.815348176339564,12.529899162410482,12.222661693496033,11.896518153268566,11.446180780346062,10.940253902042802,9.921787936251732,8.925248550968906,7.971958001296507,7.318816449878331,6.667503999373999,6.096760991194772,5.747246323843843,5.313764414270644,5.010527325440793,4.737047528065709,4.483676588412541,4.258136398282076,4.053237595825081,3.8666910334993805,3.687397621622723,3.5446081060633503,3.389429977433278,3.2764729224254654,3.1409006087825126,3.0480373254529387,2.929886854248424,2.860316370535453,2.7484865436865547,2.66890091394767,2.5965304011787143,2.5415494058832477,2.4729933060337275,2.397033927163001,2.3446554901807257,2.295909193914118,2.2441589267819286,2.2069550519282606,2.138716581948166,2.097599241029621,2.0244682827166285,2.035095954616476,1.9916625768817435,1.9457554843864846,1.9158683590850563,1.8860797826786637,1.8469044273274433,1.8179987572124916,1.7850597386946052,1.7986640698188747,1.7550668364456403,1.7242263705969785,1.7005990971054008,1.6651073518558837,1.6546752779117337,1.6452509967027726,1.618910331652725,1.6007478741630332,1.5884500916788158,1.5821499961462706,1.57132582066465,1.5652654181610226,1.5311268021048658,1.5212292332860813,1.5356918794852277,1.5136364209804456,1.4879028554529887,1.4930239604489275,1.4730646063244228,1.4588844598609345,1.4679558652056977,1.4420378473636861,1.4475621011428843,1.4410056096731885,1.4193437341768207,1.4056849812450753,1.4389565867115635,1.3867163067700166,1.4068995954284904,1.3945527954055175,1.4078272778828667,1.403414696419652,1.38810643738412,1.3805686080086115,1.376006045246546,1.3825646750103004,1.3624384940072154,1.3791758965355136,1.371040450223812,1.3743044204949069,1.3898905705917155,1.3994355507775547,1.3885674798874352,1.3599635082141885,1.3974004793332324,1.3991747637997807,1.4043051144863632,1.3981036956299695,1.3911089259999163,1.3790566377680697,1.4344648432130662,1.4284434554354144,1.4260881950665119,1.4467340235000095,1.4319519989511962,1.4459858699609973,1.4456675309069915,1.455204775017637,1.4817287467544653,1.4784567762882006,1.5015841175814635,1.4948107096248073,1.5250393062660454,1.5323876223801165,1.5367055185121632,1.5474992908451413,1.5453311108262415,1.56923043084005,1.5863487042092048,1.6259026491402928,1.6273481010326678,1.6448591936061485,1.6522866074810725,1.699811947649604,1.6926234351122897,1.6978256205644666,1.7754002864154377,1.7679322990208746,1.80684972012946,1.803493354177545,1.8581422927916682,1.8574622918252184,1.9353444773657174,1.945480865242982,1.9741905381012979,2.0279138165597748,2.0716862496917083,2.100255328566005,2.136090664343551,2.1996288755870648,2.242544634927742,2.3015174167189176,2.332943047621623,2.407332584473726,2.4743107993423408,2.5219718524372503,2.6052646269439754,2.680579116669102,2.7638897210468976,2.8361254129841207,2.937211966143194,3.0170188983205435,3.147770688723298,3.2745555738957703,3.392553107994176,3.552526735974429,3.680168941003291,3.85968536848587,4.021690967108539,4.253141073420812,4.451233563560808,4.732254576959323,5.018055740467919,5.3004583414156485,5.7223688488706355,6.099294231030767,6.467570018301464,6.789989472406438,7.0256351809709905,7.25554062401725,7.508433691434526,7.762259593906509,7.919822653374675,8.106843552597944,8.255587902351584
8.5,0.003191376960565136,2.0,8.685186298793173,8.807624133941351,8.977387793279174,9.090086993060188,9.212636901898371,9.317574874986947,9.459174781945336,9.561446103813003,9.658066823116298,1.6451393194217758,1.426833210617757,1.4287453431744799,1.4310992830857086,1.4338986567039198,1.4371477952358644,1.4408517512143582,1.4450163178540851,1.4496480514307193,1.4547542968461993,1.4603432165683887,1.4664238231610531,1.4730060156503855,5.466468449559075,5.240918791776427,4.971377444778564,4.796046659854851,4.571705832888316,4.390193571771244,4.239572936503531,4.084068610541482,3.9471333068243992,3.799486288467079,3.7045686126930355,3.5650581820839076,3.49201546119529,3.387047099484092,3.277945688334864,3.1937656313942866,3.1006628337185766,3.0670273177720686,2.9882574973177745,2.9176217403806985,2.8463193423474453,2.8012618576897137,2.7297780866595343,2.6680659267440663,2.62708204213032,2.5855037789338082,2.5321689051952734,2.505236258032552,2.468282470240657,2.4224755835292746,2.3622705298639666,2.3490429196953064,2.296051623085354,2.286184430974943,2.2678869636390377,2.201329085732602,2.2034326870655496,2.186887397570728,2.1292717451189365,2.1172895684815067,2.0928662989716105,2.069468890023613,2.068346154459671,2.0442898874867335,2.0282271127451414,1.9984661479254249,1.97783644596429,1.9906151781508592,1.960407437092944,1.9358288325933852,1.9361523450708766,1.930001805643389,1.8854514496396226,1.9059919949578294,1.8846804674484023,1.882667745451813,1.8533520409044257,1.8676857578843842,1.8795814420905823,1.8379108628211431,1.8525497218414464,1.8325852622528216,1.8212258155592125,1.8016867402013104,1.8334193739443916,1.82979536777877,1.8003316958059359,1.8213416501774908,1.8064503567663155,1.793260645223255,1.8052890968703046,1.7825829657627004,1.8067571953043586,1.8037679870101,1.79783813952616,1.811322782584861,1.8084353549635757,1.8202839892218272,1.8225905672012128,1.823653515263693,1.8229316360070686,1.8374835222460864,1.8336377781218138,1.838233049364138,1.8684908403391884,1.8585816328319693,1.8755288835441444,1.881890421871075,1.8791017629266726,1.8834169728901804,1.9270381129752723,1.9081475551812983,1.9185475230164222,1.9382162195670727,1.9578141886143554,1.9864914401568556,1.987977946337655,2.000707831652479,2.033960066517461,2.032641922078118,2.0575241335967784,2.0821624825191103,2.1087443366210517,2.1174339811237517,2.1685047282611554,2.1790165481543244,2.1877722528918264,2.2274569147380725,2.258957380535206,2.3002612646599205,2.3076097667514412,2.3592052119624447,2.410885633650656,2.4442864386717345,2.4734460611114994,2.5295663796042294,2.581793452419406,2.6024672051895243,2.635070491345022,2.695131959702308,2.7628355230851662,2.8013292630126436,2.8890223007681843,2.9435979942270367,2.998780766863546,3.0726191607464637,3.144649621256292,3.2029382460218567,3.3036510658277503,3.417838854903647,3.5016573019775605,3.6033165942847902,3.7194813575245873,3.8451923461885693,3.972528622062133,4.133647703180554,4.254620249349945,4.437287971070071,4.62577979539332,4.796967448347249,5.069587992881005,5.289358126003657,5.554922331350245,5.820641966081577,6.222914793640064,6.537244188034965,7.01255422777676,7.516603113762181,8.046162301152634,8.739692978805571,9.501633924145443,14.201269334484016,14.152911730238312,14.081524546497707,14.006890172118837,13.878458547116871,13.737134798890132,13.639774685442513,13.51052702431806,13.369042792096826,13.200148175972869,13.005059894759107,12.798381295444306,12.594839248911633,12.292449567918336,11.979646620395483,11.681606397877701,11.230375623278956,10.750438593414003,9.778059716799087,8.793711156348936,7.885845444639473,7.118543336995436,6.581085179481925,6.05977931122728,5.718322467516345,5.30157744898734,5.011336904327747,4.692534118414553,4.500616930474758,4.2410224019006835,4.026390964563638,3.8507450209863046,3.680797948179123,3.53373549827495,3.3681328025364645,3.2875560162600994,3.138303555315775,3.059392510473178,2.9257563499466555,2.845680082078087,2.746268321443058,2.6737280931732337,2.5980232966647283,2.5539197592842715,2.4926557416774817,2.419129265475151,2.3730772096727297,2.2966023224146777,2.238404285587524,2.1993533011755106,2.144528118853227,2.113912393608467,2.067063085546817,2.0469501233722114,1.9866563215490411,1.973853219991364,1.9380575787719465,1.8930170371936421,1.8478105129033409,1.8428346444404289,1.838252572826071,1.7711669646021104,1.761425034476554,1.7304094215548502,1.7159192515085129,1.6862790544966968,1.6670717115132232,1.6650300321559621,1.6324919513648022,1.6182945435917884,1.589915926521413,1.6089195442900677,1.5756063211610438,1.570956054072633,1.5436532741618838,1.5324622353135204,1.523299436607906,1.5086530782448653,1.5239272580415113,1.4821932785232756,1.460611666836789,1.4774721718196329,1.4466693360982432,1.4707138408788774,1.4458062428608598,1.4513959675692019,1.4350395342166409,1.4075919646060469,1.4195169596212085,1.4245264289725446,1.4328900339245136,1.4218034696639665,1.3982730685173097,1.4068261103342803,1.4065863833474963,1.3950383690630566,1.4136137294296598,1.3998407117774752,1.4023909169385298,1.3965103538244124,1.3889150352475892,1.401962236465955,1.4026333374595583,1.3904102053281937,1.4005040162900506,1.405437838471438,1.400864565166489,1.390086218433945,1.39917458691002,1.4255671901529718,1.4193127024137968,1.422866015249124,1.4318269066760374,1.4520966973728704,1.4452298900942886,1.4329380302740418,1.4670112619287323,1.4618341369508074,1.4627190987040573,1.4786396688093821,1.473631698028319,1.493983490017124,1.481793015728575,1.5237198740038,1.5268948457410911,1.5461252267637993,1.5684066385632196,1.5611570131648265,1.572079989596657,1.6037295771069369,1.6237771994223977,1.6160916563741505,1.6501699977304893,1.6775296234473807,1.6805077739080285,1.7030096894253393,1.7080062433655447,1.7524371623399624,1.7868421883614374,1.8021482377566937,1.8264487188086567,1.8333505583193226,1.881737849021125,1.9008936417772886,1.9336160757220286,1.9746887084947946,1.9902960469318325,2.0289602541899625,2.0729287363054354,2.1306327939852796,2.1528652194124853,2.2279929649677053,2.2667824562767764,2.3237372587845235,2.3909128791471477,2.4419117895096365,2.4874209536573364,2.5642521064673023,2.6215686360003625,2.7011993440213855,2.7857114944193495,2.8646514788554027,2.9652925810232253,3.113996764043835,3.177930414193934,3.332962507318379,3.435799684665591,3.581868766152465,3.748095152759684,3.900323215963208,4.077282473494114,4.2889344761609225,4.572139552768134,4.791390908490991,5.116347776111998,5.428401298435503,5.848200950049059,6.2382860431103655,6.69051216982007,6.940884463000978,7.2489062339761965,7.525290615179735,7.7194979190720305,7.936551672914597,8.138631879971745,8.31366604660395,8.471701796982483
8.6,0.006353899105670362,2.0,8.8480384712823,9.004687510817039,9.164140933812652,9.286501189013038,9.43491096484256,9.541280569974981,9.6754587529049,9.784412471603865,1.8640756669337295,1.5039310313032723,1.5055760737833084,1.507684649767762,1.5102599981005103,1.5133060893608155,1.5168276408867318,1.5208301347396682,1.525319838738421,1.5303038307143855,1.5357900261648125,1.5417872095082417,1.548305069175945,5.745181910674816,5.445427241766643,5.194081323036242,4.939892042472833,4.70993449520397,4.545265382566276,4.362962854933131,4.212746257549405,4.035075691769458,3.9275822655651518,3.772773978487651,3.6857798998772497,3.560868039593783,3.4505136729466286,3.339610666915855,3.253428785409503,3.2122986581410005,3.1143020363980947,3.0477866767194857,2.9494210647145906,2.9208379646077587,2.8517479789288758,2.7714704188619037,2.7259835475743173,2.6531828821993155,2.6287747506424024,2.5380335692350116,2.5191226154074133,2.4873315507578435,2.4346595086759764,2.3994696561600954,2.3537033590113765,2.348112044602147,2.2761258930111685,2.2779306486907207,2.236744739045454,2.227528153513356,2.190998321613013,2.1746380471957494,2.1518135900439046,2.1127096164621437,2.080183382027104,2.0712238650072408,2.0329863244365267,2.0285472996825016,2.038616113755071,1.9954385998503434,1.9807845918215907,1.9487093560730255,1.9405902970526467,1.924218891150937,1.921190246949186,1.8974705115158663,1.8966838246586866,1.8779739038372043,1.8872252503173648,1.8439037144622412,1.8717122383441192,1.8410938421171208,1.8482681819085658,1.829575552252424,1.8182978970253711,1.8041466754217872,1.8305804136114276,1.806418397985591,1.810673297568864,1.8119045396032518,1.7937080545227615,1.7986070951466675,1.8012502307253708,1.807881706862306,1.795734401931771,1.81426341290784,1.808503316236425,1.7919907744376926,1.7973056413187327,1.7995468078503278,1.817861015029355,1.8110327906735142,1.8013846064277064,1.815190876359681,1.8134587105419757,1.8166295925802116,1.8246128735299685,1.8246760203201657,1.8187254090716014,1.8612063220080464,1.8673961198212918,1.8602804396797725,1.8755866158863592,1.871030871910482,1.8906431482108594,1.9365074515669878,1.9293198260237632,1.9301507895259356,1.9572604463999423,1.9663966796229813,1.9750929316825743,2.002903270583303,2.025067556080282,2.0552100802339077,2.053103049569819,2.086892083495464,2.1200687257880477,2.1129452744538604,2.1260110672068193,2.1478302674762624,2.184308796687859,2.225521355781617,2.253023140745391,2.2904989829861653,2.318143359051696,2.3370662154992337,2.3799716167678295,2.41742389871776,2.448093578127175,2.507093441026328,2.5390649857395697,2.577823659851172,2.6376486876060383,2.6695060725434274,2.7368457764668013,2.8078509312532187,2.868050613871073,2.9302633532922804,2.9833678713039844,3.0730501143091775,3.138726610732106,3.221630304832472,3.294717437388632,3.4103966334129057,3.4858455781942417,3.610236759190951,3.6975276338216942,3.8120782545682905,3.930208871499788,4.094800049904825,4.2511356991635685,4.41437783274723,4.62828667944629,4.8100759191566596,5.057681069366139,5.25032959569886,5.552240686070237,5.792530689555152,6.169780127350863,6.563496220981431,6.944251233196831,7.466690092116011,7.985854258872362,8.715299740089398,9.429605138377411,14.009035689248067,13.942938232233095,13.87333062899367,13.743036927473204,13.68374268618775,13.562897242833097,13.443386887437727,13.29091622005345,13.1749744111076,12.989572915283475,12.836580130512386,12.638252763528019,12.354381612380609,12.132161506384477,11.798200781692056,11.517932237211163,11.111978035992422,10.668933856149431,9.841147144997594,8.877866672256816,7.931537850468847,7.189531712160422,6.664541264865962,6.10900964667008,5.745668379918136,5.346385877990394,5.047239206162203,4.744732201940095,4.498689308944841,4.261244410827531,4.03765921628874,3.877028981469326,3.7062438914387856,3.572998877990987,3.4042065652073563,3.3194072478249304,3.1622368984038,3.0660088244468966,2.9603485470501094,2.8522208201342667,2.7842032055026573,2.704601242980564,2.6513797294412993,2.577418972838189,2.491095109888355,2.4207460363211912,2.3516960699938547,2.3072607502167752,2.276323965709575,2.234400831052013,2.1692696774815285,2.1232827432555346,2.093905808092357,2.0591853084496976,2.0229868081173445,1.98101236527268,1.947225167601018,1.8935007980674097,1.882128263436026,1.844903335394183,1.8311246233572074,1.798602091835931,1.761420873468665,1.7541632350638845,1.7351525891953765,1.6957955541151564,1.6735063311580083,1.6550315349233824,1.6403773988070227,1.6366937612899872,1.6155718055911632,1.6004783862842777,1.5846981216499538,1.5939089509635584,1.5609595244278927,1.5624646349442957,1.5425653005376299,1.5224103006241283,1.542221350550306,1.4910962357962494,1.5044353401965262,1.4768501533608926,1.473944808124132,1.4614162466650629,1.4742879680436214,1.4709761373407477,1.426709051800745,1.445223196755171,1.4336691280616307,1.4241881910590433,1.4203157295365327,1.4120862289546376,1.4196771562667114,1.40335259388426,1.4197041868579514,1.4055305948448769,1.3925280400248945,1.4193856796265363,1.3836673135274495,1.3869568346301686,1.396303968834566,1.3858018160478933,1.398578917893388,1.3963792645721862,1.4018477130396179,1.4011214877474236,1.421424754217567,1.435042285184902,1.4161695548418856,1.4302770265015625,1.4228240316246719,1.4367353765554773,1.4499936074107165,1.411433944780952,1.4325450378265365,1.4572182817597379,1.4641325846858384,1.4504343743114259,1.4596539569084697,1.4793827262440267,1.5033576005110474,1.4962428626059048,1.507950259018677,1.5234912233524007,1.5196811840802642,1.5427601581264985,1.5662627402531493,1.592926371962,1.590067675563899,1.6072600138248214,1.6357751883802234,1.6422845731902918,1.6607486679483912,1.6863720296040363,1.7013680132196407,1.7067081653295963,1.7288317521308716,1.7693185585621114,1.7809460298201623,1.7928009827255955,1.8621717322988063,1.8727902815296738,1.9007610102717514,1.8976446893309415,1.9543751163724916,1.9813420258854317,2.016654228020059,2.0670424284818067,2.1054903452803364,2.159530000092122,2.1961727742208925,2.2316462830655883,2.2698884988559835,2.339410140920905,2.3894786385141935,2.443149608669813,2.5105578895678056,2.5741256465172606,2.6573724635287483,2.7240227676891657,2.814187920227914,2.931293719482972,2.99079229790054,3.1205186804486225,3.2047533226163827,3.3349254642368065,3.4581675131488527,3.6255080748138715,3.7791862127687836,3.9433035269159173,4.146364596475577,4.326934025303536,4.602397806451414,4.836427289344665,5.160403075525532,5.477669697223744,5.872284744458124,6.2788602797632995,6.740934566888436,7.152080289973949,7.384983010707986,7.651441067655402,7.914359686194206,8.14330621667397,8.321873537918812,8.5353995333998,8.656041658303604
8.7,0.004409565308593163,2.0,9.088465236929657,9.228978594839713,9.386127635565083,9.519186142208914,9.656734187781515,9.805565609800922,9.905946342964832,2.114003531565817,1.5817232765509062,1.5831055868673678,1.584973717354446,1.5873305311527353,1.5901796519339637,1.5935254775571883,1.5973731967373945,1.601728808844836,1.6065991469769092,1.611991904469452,1.617915665041437,6.321203674004092,5.921888823917889,5.6665290710813245,5.371784023854947,5.083487059404559,4.873647317923793,4.659693710014134,4.48194752582904,4.32011713114823,4.147070201988059,3.9841188126302534,3.880879567006081,3.7375129047687414,3.628298079189202,3.5062994429366046,3.436167975090421,3.309435022210618,3.257618943975612,3.1661762695784046,3.0702903306075737,2.994727168557096,2.9276472447158954,2.860947758833261,2.7958640054004915,2.749314644003595,2.7156209127815205,2.6517514832114415,2.627708225209969,2.543820388935413,2.517141136121176,2.4536004353286818,2.4212477011169335,2.382148483637499,2.338069790320451,2.318206363855573,2.285206988396608,2.2605490593534174,2.225538210400447,2.2088349392004787,2.1590872984796947,2.1397814233523436,2.098163832670989,2.116729289336324,2.083789330028423,2.0566248164247383,2.029638372237917,2.022955059480865,1.9842954576936955,1.9937887181553997,1.9558478895043558,1.9510023904286056,1.9511653338991963,1.9197164074130884,1.8989264153095278,1.9026092721383432,1.8841678153212171,1.9030515998537783,1.8655837055043687,1.8656564467257803,1.8549853810163568,1.844147555895298,1.839630617044589,1.8274855862925952,1.8157555955793998,1.8231368111405073,1.799418617894692,1.81429301987964,1.801751350204559,1.7932843481353373,1.799581833407297,1.7806967743094082,1.7790787766932248,1.7843077252071544,1.77624745091394,1.7862538327978426,1.7948860203390806,1.7814019222809874,1.788436511324426,1.7993321218656255,1.801211460421781,1.792283273765098,1.7991800250523975,1.7872296425365901,1.8016774955984896,1.827585540255589,1.831560673201782,1.8256532911336405,1.8421294902913072,1.8577893635073035,1.8572453413789995,1.856096212429887,1.8914826739276276,1.8912468092931403,1.9043569296148448,1.9097016225232362,1.9198572296889889,1.9398427104933949,1.930980250165936,1.9699497384851614,1.9750540071372167,1.9937001935890082,2.017951726191441,2.008562321865553,2.027222469424897,2.0481332547813405,2.0881074436215785,2.0934337787117827,2.14782851648416,2.1427519109615054,2.183182932624623,2.2199597362149697,2.2277109444225887,2.2804726805204596,2.3079667386567024,2.343885598633692,2.3894154758306976,2.410146077781732,2.442503541821101,2.5072026053829237,2.5365361794704624,2.5839743696755857,2.642040735225823,2.682122103047419,2.724207873914544,2.804269070119375,2.865488595595572,2.8792953934294205,2.9839549115972757,3.0799515772946946,3.1174415989645596,3.228780936434311,3.302679620893885,3.40184220626947,3.4694313634845697,3.606512549092205,3.707028991275118,3.83933689781959,3.9886535194387327,4.108659576807358,4.280056496163906,4.4279448012052365,4.620146696447765,4.800035285686593,5.02236657428226,5.261488711530354,5.558385547088361,5.8805124498163055,6.19403009289806,6.604864245682273,7.01203463340906,7.544962036264919,8.059689954214278,8.806048182583767,9.537700187144797,13.796145439518378,13.708960216740667,13.646173886305968,13.546925944653042,13.465395506729507,13.32646121093828,13.24033425137946,13.102652548139305,12.956756990181148,12.745116639845183,12.575474365718796,12.3882381097306,12.095762102669378,11.950247081463605,11.617969934410908,11.31478842879821,10.899298699091682,10.516790541914565,9.698978675419761,8.59722388940773,7.85235354230437,7.124902166958098,6.599523179803082,6.08320653882622,5.723552540323679,5.313668719524974,5.006260749287995,4.736020964250491,4.476471833285645,4.277147214366157,4.029165653105719,3.882941469362058,3.6928784111834143,3.5759238554134622,3.4138046888314637,3.3020846041545187,3.171494840655994,3.0547270317286994,2.966482571309323,2.856096529758962,2.784913754387531,2.7067911521391728,2.6549661074737174,2.5724304042959356,2.4962691899506124,2.4361212605638265,2.388783465612218,2.3151795033369065,2.253931908047087,2.2142017268161776,2.191456530096508,2.1496096567382748,2.103277322182992,2.0631869543674766,2.000347409363214,1.9798063207488454,1.9528507339028363,1.9244758407042728,1.8746429822756796,1.8529474882456312,1.843183055026484,1.7972307812550845,1.7809587537153817,1.7553501974316388,1.7389114302699586,1.7302014859587298,1.712884986325387,1.6732922422829954,1.6412540527036736,1.6512457815429769,1.6233156904512809,1.600899057421318,1.5779116512580555,1.5694896517232786,1.5649166215035781,1.5765263734065773,1.540285121717474,1.5348220285894796,1.5184696809874925,1.4938155095121604,1.5037691537816396,1.4899208530767851,1.47071865581763,1.4792243916026677,1.458888182935377,1.479368700731102,1.4728596576779407,1.4361596405769161,1.4438288416031486,1.4624770775024347,1.4477897711485834,1.4133368228344307,1.4187431866122653,1.4189507810100548,1.4208012465727926,1.4234579263946208,1.419820848238676,1.4064176954978294,1.4177896771263572,1.4203160032592683,1.411359582791948,1.4163259282812974,1.4051634219570694,1.4340882450358867,1.4371761068015305,1.4326362601237994,1.41009504571519,1.4116283351989536,1.4203427747706752,1.4349305925342573,1.4185927101658242,1.450443866579131,1.449365971212162,1.46072210846015,1.4735525833200631,1.473134185307922,1.4634085133370573,1.4698316769017548,1.4696612123977262,1.4958834969950872,1.5142532662385324,1.523770828515145,1.5218917226727426,1.5430378433835703,1.5729068470618766,1.5564317944712196,1.5804085227752225,1.5791411702021918,1.5971231309207234,1.6173583695734208,1.6303830165703233,1.6623961905272546,1.6823058355079936,1.6933880965510064,1.7127873230569726,1.7405116806766692,1.7596673670201075,1.7817476816540367,1.7873908961719016,1.8129814015811168,1.8657333102473752,1.852935786672241,1.9121139919062076,1.9350318770950978,1.9844094350431267,2.023607672647361,2.034278770894123,2.067870759720349,2.100644869232445,2.152330058226947,2.210803397789515,2.2612905598312527,2.312634263480115,2.356718787158796,2.404285390600126,2.482295661210193,2.55378247133625,2.6285287251991294,2.680272698513813,2.784371000511592,2.8510838196574486,2.970271235271856,3.013992776203658,3.1554698870310616,3.277211470662935,3.379416128614849,3.519847841623255,3.673138124259154,3.84811025797972,3.992676215719518,4.217116442221986,4.4180562493414515,4.671989148773393,4.91914929019311,5.245420499680727,5.56252083491081,6.003826193813335,6.533929011130235,6.894925671929929,7.30883975337683,7.600571589662204,7.871755026280382,8.105679373501188,8.345231440436525,8.543611087134016,8.741966327494303,8.940181721184215
8.8,0.007853839818068982,2.0,9.318465496378506,9.471052157374794,9.61096542137795,9.786021941111303,9.914226523497568,10.033934745836568,10.139598167148634,1.6596899335566364,1.660839193725834,1.6624970003896833,1.6646658904037712,1.6673491918835364,1.6705510367104583,1.6742763761376247,1.6785309996049573,1.6833215568981208,1.688655583810429,1.694541531494208,6.59888524120858,6.1530802175661385,5.860549649303104,5.499702879766644,5.276891749254926,5.024165970488663,4.829450362464215,4.596466410069692,4.433494004750092,4.251085658133012,4.086391395295474,3.974554857349573,3.8210464689929546,3.699483430064965,3.597007909026204,3.48910141779884,3.387005036659015,3.293485716435949,3.204567846735234,3.114945122944318,3.023775245271351,2.961895580519643,2.900117445626077,2.8288117519841416,2.771335432959038,2.7305290736088272,2.6754503083188235,2.6127457654538313,2.5636561844105255,2.5196604772856706,2.478778080750515,2.441562886384206,2.3963098750349827,2.351687256557041,2.316493823401217,2.298408784216671,2.2513474704266527,2.2549548382349656,2.193240726425786,2.183159354452805,2.167697390401051,2.1178769880325348,2.098410981512808,2.0671122918599893,2.05849700282067,2.0483869286652103,2.0264667065485362,2.0041913460917287,1.997921092947289,1.9724449216313413,1.9628724896074345,1.9452734973685202,1.9252466001548743,1.8889908308472856,1.8913462885515813,1.8771471112857174,1.869136964235635,1.84838527527301,1.8649995583426666,1.8316929181038484,1.8579820317381517,1.8345879989401987,1.8213780904166101,1.818334452557532,1.7951854366940876,1.7883027434333616,1.78337940119792,1.8054235015853906,1.7699570404612954,1.7749655593668858,1.7820858961665471,1.7726395755090498,1.7947833022361948,1.763291840720903,1.7672041367663116,1.7764774479886758,1.7814409100534512,1.7795804552940755,1.798046908512449,1.7880217594911878,1.7684820659260223,1.7859705337981242,1.785615691798872,1.8069350797387802,1.8029280115125808,1.8006443417171167,1.81981526915963,1.810494775060697,1.8277065635127103,1.839292117245203,1.8314452829693884,1.878358638120753,1.8552136261996435,1.8943902688581953,1.8928429206069206,1.8899216862087516,1.8785971833309432,1.9289933982500358,1.9232163563802913,1.9612532815161483,1.9594943344550548,1.9789938513760115,1.9824984884422994,2.025034222739332,2.039506093323163,2.050656487179779,2.0860129781156305,2.0934216955500986,2.1238700413987965,2.1448976913935325,2.188358675532715,2.235199111103222,2.2471862488800474,2.2765203596759114,2.2996439252547813,2.334918482061383,2.3855933185207525,2.411013593011116,2.459280324138031,2.4457945565502444,2.545758532693422,2.579631008835787,2.6300775672842653,2.6814374502193785,2.7419666973718533,2.8065132302085662,2.848550602421267,2.9315104942732098,2.9658897595752323,3.0897486366637006,3.099330907511991,3.2272901383334296,3.2989264559179796,3.3720595446949977,3.498677003665681,3.5828172830022798,3.724515319723355,3.855136161911246,3.974177767714965,4.109036984675298,4.272265312687645,4.44216632765207,4.620078542151044,4.855275353304952,5.0769190717802735,5.34242792058411,5.5698596526398285,5.921562468632938,6.209460532000049,6.623532184517283,7.05080740513487,7.584537702466913,8.25916708511335,8.90339009354337,13.626098864801968,13.55960123949212,13.503889620845607,13.44589929248399,13.35023490249655,13.230408606667606,13.11061093504361,12.97670407276747,12.861602555443236,12.692887244055257,12.554757403729132,12.372701756952113,12.148944964724379,11.92361861501464,11.613461992699843,11.393158144929485,11.048761039124635,10.706805227705933,10.218666176102364,9.544420402269564,8.489013564698539,7.7605581482342485,7.048162008293353,6.458550278260023,6.037420091728071,5.59684125985961,5.26989978815491,4.944481149143677,4.710070228845893,4.444722023965318,4.251499594795172,4.024681394314721,3.8438362159520714,3.6958286053462266,3.5522139300945734,3.4067087835676273,3.2836185016763246,3.1868353826943263,3.054467662724593,2.961397227545726,2.8767857511500297,2.766602628342199,2.686718268572262,2.623749723994993,2.5807496269335894,2.5001455747572097,2.43720606528213,2.3951528964805147,2.333549801821627,2.2508349786108273,2.227144412375388,2.168981084983534,2.1543113425169276,2.0910895793375213,2.0460980334951806,2.0213806615974512,1.9987808300748922,1.95546120343328,1.9152836408624916,1.8958872139318625,1.8651978858055076,1.8469954817493495,1.8381752544495777,1.7559008446633273,1.7575145957050302,1.7575638362271893,1.7135770401948411,1.7147933926821697,1.6718147697762502,1.659952514369602,1.6425822125905223,1.6357154306266322,1.6292863131793123,1.583530663854695,1.5773458966709324,1.5861236310056983,1.5457226206358576,1.542221308397845,1.5383889367173467,1.514386496426094,1.5125906709197083,1.5017665919424112,1.503110299722603,1.476580093992793,1.4737093895716191,1.469630080979342,1.469544088339778,1.4391079146988859,1.4793049101726756,1.4694298150352194,1.4432457964811567,1.4432824811363767,1.450381428185114,1.4481629243536216,1.4320280677251602,1.4157304883377273,1.4096696321560565,1.415598938350648,1.4362190243380741,1.4150062028713364,1.4215582434686662,1.4087706108978413,1.4208221105158054,1.4393089569978388,1.434446933907389,1.4183090149753896,1.402943941565224,1.4443035376040054,1.4456336837997579,1.435684012654953,1.4442104270676848,1.4290270538249108,1.4548035333186191,1.461742042240321,1.4603415649911122,1.4658390662586491,1.4719661334314527,1.4856438712650446,1.4989889571746897,1.496386785898005,1.5288121914036947,1.5145981021576551,1.5010096095285212,1.5457323463881056,1.5707437907328015,1.5660012984315872,1.5833553362174038,1.5863206065329443,1.597035488728857,1.620383122694335,1.6268590697086134,1.649595711674539,1.6663388363816205,1.6758546149097788,1.7007350544209647,1.7217714191873592,1.7247691769208908,1.7853257050730946,1.7920563043637499,1.8266184859959755,1.8294294078176856,1.8771767268573805,1.8906248040966582,1.9065061959667602,1.9769073561504598,1.9946153444561636,2.036073405994378,2.0942995436907528,2.0958418006798905,2.1478707374902752,2.1698718712986667,2.242168960669021,2.2923973438779663,2.353182924179487,2.3774860814675107,2.46419797323139,2.526132874417806,2.5808357128871813,2.662619590896025,2.7405309045034314,2.778531769142204,2.8992456704675225,2.985907917951368,3.0802289146211344,3.1964423594697715,3.3047066572038126,3.4539887722543297,3.583778471234916,3.7329118709162663,3.8885123302582203,4.048998774709323,4.257132444784157,4.47461290476492,4.718807171045936,5.075973607287765,5.309160118002177,5.727623341015915,6.086766712991452,6.633426311268081,7.120387400802538,7.514075714624459,7.796284907980569,8.115947558257174,8.336514682686877,8.574916295067503,8.811700423758454,8.948659011226587,9.15184862492441
8.9,0.003992661478157766,2.0,9.575290684935002,9.730061149370304,9.842284533311165,9.993503622967769,10.14421944852594,10.303661517853362,1.7380952439796529,1.7389203171961565,1.740276730041212,1.7421665550073107,1.7445926860682848,1.747558849521797,1.751069618010677,1.7551304278217053,1.7597475995843528,1.7649283625172993,11.146457133760709,6.859892318327331,6.453038109928009,6.056830868682475,5.752286480637567,5.471445233581824,5.224058848494424,4.946674306674038,4.762740259907007,4.538015361140918,4.3673066183936085,4.200040224079507,4.043284375511826,3.923834795670515,3.767222639933829,3.667021932487411,3.540400925499576,3.454926201992602,3.3426768161029607,3.2260741126456387,3.198169167373457,3.085630029415442,3.0180795510028706,2.9458112418995848,2.8906624110163293,2.833760834843829,2.755555794949937,2.6989870195500822,2.626664559652259,2.5988838394727636,2.5319704108157945,2.5046039770265316,2.459430633539805,2.424199001576752,2.3860961596614674,2.3425894558818947,2.3076304492523905,2.2976109976531274,2.2493147888356892,2.225781899637581,2.1761849508171562,2.154535226278098,2.133056934814747,2.130021839226468,2.081363764306148,2.0603671833267767,2.0383687259201193,2.0194387557104783,2.004402096449058,1.9848418507093628,1.9433322330115144,1.9681123360960495,1.9327624066404452,1.944004328020891,1.8839874180058225,1.903213135861865,1.8889681293921476,1.869529273245281,1.8599443703038534,1.8544651072627512,1.8365998694252739,1.8225565406880817,1.8223430158871883,1.8217367831677922,1.8158977916748102,1.8091006872432052,1.8067301927551593,1.7935248318159598,1.797669235206666,1.7845225072069213,1.7746972214240289,1.778938633959227,1.781213433636416,1.7981310675030804,1.7848495873702621,1.7712917479558377,1.7620335883326723,1.7621331978926302,1.759645955934832,1.7677899112169437,1.7751788434083433,1.7792096867394969,1.7856209031924157,1.8006623363586525,1.7881811372637844,1.7872084516514515,1.783144227411932,1.7994467344664353,1.8296619596263293,1.8249044828328596,1.8268663890698618,1.8272457908727724,1.8319446961742578,1.8538412884465036,1.8755864627142305,1.8785574908199807,1.8680774725173428,1.901632989816959,1.8979358205606491,1.9134821910702464,1.9433916080357205,1.9451319740876223,1.9621463978231148,1.974338245812897,2.0020155088944342,2.0083217433684823,2.0386801152534693,2.0612394694038563,2.0826158210940444,2.107228472222897,2.1227686340198284,2.16101657836079,2.1719953055218526,2.2102397712222626,2.2316084483637915,2.2530512633245925,2.290416488804599,2.3270258861758055,2.3519685014580176,2.403819816073589,2.4457689815462964,2.4650696738990163,2.550824637160572,2.569740545026029,2.617163251210159,2.662967052545791,2.737230928786163,2.7963268684678795,2.8199443449873494,2.9392546583548684,2.988617259102819,3.077016772703775,3.1108355686344815,3.227653597353936,3.311216948845687,3.390895617630601,3.4997155198061756,3.6096093678477037,3.7303997942818974,3.8494847325721873,3.9856452784366403,4.11798774585657,4.315006546509713,4.474976204529329,4.6375900595011466,4.8716614876983995,5.079642612051828,5.3523783846325665,5.604030790969805,5.9388012664656955,6.325721002185663,6.710742316950264,7.203219549556099,7.654972940097937,8.353733600677389,8.972561284812485,13.400209936359477,13.358412881447617,13.243768421719775,13.18160340137274,13.114937181021254,13.008589446203034,12.885540983212108,12.771344771297274,12.629205679447944,12.478323175007581,12.290971866622133,12.132708727235332,11.878077979486417,11.687560831804491,11.42535851825,11.170392406495418,10.861249261268103,10.492487485765563,10.067319453232926,9.422470635472873,8.367750118000828,7.552562703872402,6.975230478461371,6.415668376565398,5.983533292040469,5.546972006232009,5.274406723729344,4.915607838149463,4.690706989004117,4.405015754618333,4.195433144334686,3.994639780238314,3.8157340353077105,3.6814889083155653,3.509396321995082,3.390727512564017,3.277945946191228,3.1739727300035043,3.0501180950071713,2.9404321362928276,2.8992225675245478,2.7827501930516965,2.7008487683128477,2.638900831455965,2.5806797263907155,2.4933094371150353,2.427412448661962,2.375546819769497,2.3368321629338205,2.2786000764665304,2.2268150395809037,2.2014442967076504,2.1444482823266964,2.102916499505478,2.0811153729659355,2.0057450875228655,1.9948449007787716,1.938075949702004,1.9346205327298365,1.889352991794492,1.8724229430128607,1.8400309041689982,1.8349565888890602,1.7932267240797395,1.785050708779744,1.7432470811125433,1.718819187911793,1.6931532875132325,1.6908808134096778,1.6802654460177948,1.6694987679084419,1.6299550350254266,1.6163698818349967,1.5936669231822882,1.6036643712602148,1.5730201686260106,1.5661971234175454,1.5712286903042827,1.5446153444754318,1.5446367273467025,1.5267200168051853,1.523708576069609,1.4981318296647776,1.5071821533652578,1.4630539912891192,1.491802987125112,1.4818908928881307,1.4680203328594599,1.4530865910864443,1.4551974454202006,1.459001990592245,1.4376263967085152,1.4393304267582068,1.4498176592435765,1.4401163229129965,1.4279178903930287,1.4515610301951507,1.4426021200408579,1.4581066740861914,1.4335325914977244,1.4495305596254744,1.4260854482403973,1.4268861777552746,1.4392282789259945,1.4536821382975118,1.4421023234275563,1.4591124968589066,1.4474439290438441,1.4330717164816913,1.4527167923363544,1.4680043644549248,1.468644654269765,1.4585697386151006,1.4375446888025616,1.4935463508971696,1.4773939912738419,1.4705064827631993,1.4840248023701976,1.4856042036227424,1.5280885138225428,1.515214407262997,1.5218855262534434,1.5544507790897242,1.561409402942619,1.556031116016027,1.5927558903748924,1.6060154881000583,1.6013286969205685,1.619397276321718,1.6365292244557845,1.6348717200524594,1.6386259266836567,1.6902106035667244,1.7180262606750714,1.7300376893189562,1.7425646811958073,1.7661552248640224,1.7960402700945708,1.8157662814063935,1.825728912309049,1.8489198925949057,1.880739069957726,1.9183931287555442,1.935380683019154,1.997085057851665,2.0132595444832404,2.0480006739310324,2.0841573621091203,2.12615561188676,2.180753310707525,2.2078297440421664,2.241467011505727,2.287643699434678,2.3607153033833344,2.4210701519951083,2.4857928122187123,2.5347525316798496,2.58626411700053,2.693762881769088,2.766277046617494,2.8478304959959484,2.9211451331046296,3.0032510573946025,3.1287894962306844,3.235201903701728,3.3544884409692513,3.4819174259335868,3.6529540458233867,3.8000762246992714,3.9752441704984203,4.1142423758274305,4.339723901785226,4.605206819669436,4.8125938291325925,5.130870852970189,5.444004571672027,5.8426314397269,6.231286240995979,6.7746928337787,7.289762013204845,7.742280516420435,8.03572266044714,8.290633759632192,8.600776849617322,8.776410515023699,9.027756145861947,9.188784721656543,9.393549884308754
9.0,0.00700221200109887,2.0,9.779652214025784,9.928248658106993,10.096364028924558,10.228661770291872,10.34868249449482,2.3449152855050217,1.8170651582988653,1.8180772078396423,1.8196451839257557,1.8217714835747345,1.8244593652584682,1.8277129611242782,1.8315372925643332,1.835938289243103,1.8409228117178795,11.29723664858477,7.27181910894552,6.830529342924691,6.40727891151013,6.040812284934122,5.687506376245196,5.427700240925349,5.145418417878697,4.928701742578536,4.694738631850945,4.5111040877672135,4.334567948194604,4.16878331432798,4.024326810715972,3.8838605224624954,3.773429183717993,3.628258813577439,3.520851722600149,3.4225379015817694,3.3181366805069126,3.235215582031248,3.138722061316488,3.0955254873025964,3.0074256142115003,2.9314403488138345,2.87010321145307,2.8084429961458315,2.7357755315913534,2.677931860709338,2.637118911369057,2.5811249608501834,2.5438012482568286,2.4617263954816013,2.4622477390079642,2.400147194699658,2.3936872299460474,2.345686961772153,2.285014936325,2.245511915601528,2.2337082496888376,2.207987335372968,2.1634528047228323,2.1735800280329234,2.1350444002132414,2.0932408783599183,2.0842294363048164,2.062154371552876,2.035394444239927,2.0301924318654794,2.018656885444675,1.9856624417207887,1.9509586805689,1.9429400883879469,1.9344892573007408,1.9134858954835785,1.8827782566730857,1.8750475114080645,1.8789990389690812,1.8673140713353038,1.8462712775753398,1.8481475655774102,1.8256593210984844,1.8238735950599638,1.8403656106993025,1.7895055546043526,1.80109279876271,1.7955664481145355,1.8010558876446243,1.7844022497827101,1.7772073643730275,1.7966411935513416,1.7683174373422152,1.7672022852092484,1.7406093524995874,1.7648603559322509,1.7661969332557208,1.7451010995625988,1.7511934916671574,1.7496676748089945,1.7612409555631379,1.7441912393831929,1.7716336198982228,1.756771723897502,1.774707247841138,1.783029534022796,1.7654853861035484,1.7885473020260527,1.7931432634655966,1.8033691511192513,1.8067526191955263,1.8117154549905394,1.8334153016098675,1.8264867549919475,1.8483307004321265,1.8493091574246094,1.868220133771733,1.86468094046332,1.8726910818228253,1.8803362665748777,1.8955082511667594,1.9418113544424707,1.9228740325544538,1.9453048059427234,1.9671811026190513,1.9820688871253067,1.9936517792011197,1.996141629376007,2.0259392366232323,2.028108623370336,2.0961380421014466,2.090399516053905,2.134170671570572,2.131661827469305,2.176944149083157,2.1963040190963237,2.2258307072343837,2.2668443776056977,2.3006129486370157,2.323059328609949,2.362500425275746,2.3834950490439333,2.4458446102996487,2.4764387589396573,2.506851629890099,2.5772898539423874,2.618797878599578,2.648160295825309,2.7343034658356777,2.7847852616318196,2.8494125549389393,2.8937654139336875,2.984628838420799,3.0280222631537805,3.1208196968110027,3.2243827370211937,3.293604012661877,3.3870153036118196,3.5072820101998974,3.5923062748844337,3.725040115770649,3.8394516939984635,3.965374816136233,4.1130975581538,4.291024795500451,4.446439912550299,4.65746220476077,4.830156516064794,5.083903257687067,5.327784870869961,5.632028204737243,5.9111889030662,6.304244910951433,6.739209246766321,7.160602598952549,7.735640348985111,8.300164812089466,9.099054750051476,13.185115229438038,13.136866954332676,13.072823567052833,12.979881301523289,12.899144005262336,12.794347028839677,12.680859139142514,12.537961101218382,12.406205086894637,12.252669293488507,12.104861371364942,11.917080652156736,11.6943915821692,11.46738863270553,11.24093449935192,10.964537332778146,10.684474438005713,10.304467077244228,9.9492463323952,9.274151410903825,8.427723930646977,7.610945722239524,6.940325394966147,6.458344722243771,5.908675018904759,5.609838640802737,5.208150267210716,4.964221144470904,4.664936846290376,4.441141409973477,4.228115961199711,3.9901279062071016,3.832026352008306,3.683015222917526,3.5427922127899043,3.410797179614713,3.2921227222539504,3.1729594761558473,3.0722631153465323,2.938304717491205,2.8797982339997725,2.8028620839049228,2.7139156507798003,2.6238733063244295,2.5846154035598086,2.515924394501037,2.420130177581094,2.3734341988560064,2.357888183809577,2.2927412054585457,2.221565952638465,2.2101379930749934,2.157843572359737,2.092331253773055,2.0881929619070188,2.042676770108268,1.9943158321678303,1.9494912610156754,1.932159703234676,1.9199791593287463,1.873746677821235,1.8629658570336212,1.825358880448984,1.8087769859705607,1.7850281326782687,1.766009663084116,1.730360691389959,1.7224122332746032,1.7007996872860838,1.6885588223875188,1.6303755258176384,1.6442622772943645,1.6312653288498762,1.6334691294886006,1.6031132077819972,1.5788487982134602,1.5807488494062174,1.5473241047500017,1.5492920069933884,1.5481692343817943,1.5514008854197618,1.5091545049029396,1.5262120275515116,1.4994170178350632,1.502577798940384,1.4741692271407982,1.463422513711887,1.4851606628955365,1.4923937327994423,1.4471015236206832,1.4651701664660985,1.468818354214875,1.4699861389072293,1.4320475824446741,1.4409800560175539,1.457100944713583,1.457326646605908,1.4364806291043584,1.4366486942290624,1.432300268244114,1.4397290797879463,1.4376345804729718,1.4355911478157093,1.4398992043796743,1.4579908911454615,1.4341666639134771,1.4278755767262161,1.4309532968709113,1.464745151521383,1.4525562607359077,1.460086749168516,1.4510121568614283,1.4434442078742658,1.4820539946606495,1.476466299089596,1.4711170080450697,1.5072420419686474,1.4965220714547225,1.5371650517432682,1.5145514082634537,1.5272781712385226,1.5354774966988165,1.5502315222128213,1.5611738826007062,1.586750705822366,1.5700254852329014,1.6025168096010964,1.6090390265685977,1.6204456271647112,1.6500876311685728,1.6545731704587052,1.679681228049277,1.7088656805267888,1.6989928339160136,1.7395904611560598,1.7727978780560372,1.786347879473756,1.8035144570229837,1.8127931966972417,1.839026694657607,1.8964106173780588,1.9161482176243323,1.9235279224851962,1.9450108262425005,2.012131819113432,2.0324561317227454,2.064064811304445,2.0968092935929796,2.1380995108969505,2.189923831582745,2.2468517181499026,2.2976897906777705,2.3171580170562835,2.381705583971387,2.443705900401785,2.4812069930150384,2.5537827205081585,2.644256472347536,2.70499429607715,2.7914778476484807,2.861731391015299,2.9567021321681293,3.0580626812051848,3.1432702996151956,3.2888606817084,3.3524455445764025,3.5226909632869687,3.662261575613765,3.8333402758625112,3.98387260038164,4.192909155725705,4.408979220850063,4.630713283357911,4.9024098359127155,5.169916429866141,5.52271337046807,5.877435262460196,6.358319833637186,6.8263366014594435,7.487471722532254,7.914690518620655,8.204000845120085,8.514103621605967,8.765786151221459,9.023313241106395,9.189026990390857,9.408558443990826,9.603598488177475
9.1,0.002608732366005335,2.0,9.985581782345998,10.129083210728165,10.293069062087804,10.458663100872668,10.554183712224594,1.8956983968067895,1.8962542387202446,1.8973887561498464,1.8991036808442723,1.9014016352184073,1.9042861421581125,1.9077616382404212,1.911833490461802,1.916508016592446,11.50280613953085,11.494209528084374,7.2189368766121405,6.790203633196761,6.34496513079182,6.028490256804405,5.66635029547502,5.359543495717427,5.109233345663628,4.865626860870872,4.676986474978077,4.469002350240556,4.3325860660871225,4.142961013840707,4.008567800957384,3.8589467690476864,3.7057039635163167,3.6098973156996728,3.4989393042609143,3.3911647824487288,3.3029803045681034,3.233568959112239,3.1299830869889047,3.0745436889766,2.9837270835231804,2.8992618770653107,2.8344667172721096,2.7833792774846806,2.721631335670929,2.65558328262042,2.6094233352700766,2.5506501681684908,2.5293293403959405,2.4774741752013703,2.4449009117687126,2.41105357719166,2.357027337041996,2.3268035599766996,2.271286964833012,2.2493773790097253,2.2417451220500415,2.204016195131366,2.1685251704161477,2.1438006846601523,2.125700588085687,2.0855828039720494,2.069502588212803,2.043311727031996,2.021838224409575,2.0002046127423574,1.9908821822585674,1.9616802843451717,1.937523618307742,1.938373487442485,1.925721149372911,1.904152743965228,1.8910834061400783,1.878117428039591,1.85083584150199,1.8515566445645604,1.8321907016479424,1.848956917227161,1.8403413130823973,1.8248140974121718,1.8055882093662123,1.79388233828612,1.801070886802148,1.8043528927336163,1.7835357204062454,1.78517901621756,1.7771668248764962,1.747403648985418,1.755671551073145,1.7624648798863458,1.7740644015707456,1.7624158945118438,1.7755258112351304,1.7598517619909653,1.7598210066044304,1.750693051425227,1.762077984308767,1.7490836864796864,1.7437088618997962,1.7636497427402653,1.7706785871394815,1.751037833966988,1.775912837481387,1.7796378040007828,1.78119952900223,1.780695058543939,1.8077819383125915,1.8068674409168985,1.807427878477039,1.8078336873777179,1.8296554946120818,1.8570478388284863,1.8301485748770607,1.857277624160953,1.8666020140017958,1.8761041607899513,1.8910485529701784,1.9037676010715363,1.9144321829886446,1.9326266486626649,1.9399147515979258,1.971381922275587,1.991370578952422,1.9926567168669063,2.022678812283687,2.030974216949192,2.0661515665903303,2.0618784255538882,2.107729567399336,2.165564133868807,2.1627779193741814,2.1900506466757803,2.2083388177597754,2.2411335227693274,2.2674694613702147,2.34781615093374,2.329644975580405,2.3813516445732548,2.424678036384286,2.466722240247922,2.5155916930995352,2.5578103953326123,2.6372005434870727,2.6590436465509764,2.730473948480728,2.7676211136937847,2.8478782161950185,2.9002326549561674,2.9783438384792937,3.0437116485841615,3.1377874348234216,3.208013047024229,3.27085751335221,3.3516310123095514,3.490219677153877,3.6062796511124433,3.718063483066792,3.8258668813298753,3.9687060123621225,4.109945872034035,4.265207363905155,4.442521151039703,4.642454100277041,4.8853074842010065,5.072509583278056,5.353434789574691,5.589639700810289,5.950133669924202,6.266233347296306,6.728401161129203,7.126845757041801,7.7059748878781065,8.386681814291345,9.049290735665403,12.979831981835593,12.944971767824338,12.846813800662053,12.777885032062763,12.684644639855795,12.583311422364124,12.459771703682584,12.333760195412623,12.187061539422173,12.02794231564418,11.890652075217265,11.697383229210672,11.537431514589164,11.282843499301388,11.087506340505366,10.754809353689897,10.497562265793825,10.171016494566041,9.756614030872317,9.233905268144172,8.313857618458137,7.654354302068172,6.96260896583751,6.495340792896171,5.975948047914106,5.5539056677163625,5.262693998385267,4.922687722490922,4.684303085503716,4.438514892762534,4.226498473762335,4.011353172873909,3.885354978473719,3.696164603367112,3.5400018384391663,3.429285092726257,3.2815735986545556,3.169401729441762,3.0836278174185234,2.98934235178897,2.876102432245848,2.8136568028877087,2.729119423418114,2.6426866624418714,2.569390852409629,2.508132182254451,2.462918779990665,2.406499743599779,2.342805168027926,2.2988022991630155,2.2594982051239434,2.2082561649088817,2.1511741443560033,2.11351877181538,2.0682222275945334,2.0316310628874867,1.9943282554015742,1.993847870033737,1.9420278847917096,1.9171842363363683,1.8706860215918337,1.8656887228734986,1.82769517723227,1.798967438898803,1.7835818843889664,1.750107139747603,1.7448507110810545,1.7230060347143972,1.6922900277217685,1.6751833888444447,1.6509234178014858,1.6453594392596171,1.6442536816085564,1.6076911114573829,1.5982352605988712,1.613953999576135,1.587823291849877,1.5774557781831848,1.553589732794068,1.5446650833010895,1.5321129566160008,1.5108931900121625,1.5312747534229327,1.5170936484371191,1.5088043060275378,1.4881420109952908,1.5143965104882091,1.4753479511750127,1.4620768350085673,1.4693158696838164,1.4445048159316796,1.4756755079012247,1.447811195609756,1.4738346473011974,1.4548740246949712,1.462559333878026,1.4356718110756264,1.4436272867424316,1.433359433546234,1.4574804550602107,1.4424765590461712,1.4415900758901334,1.43186929002495,1.454833282327072,1.433930230649197,1.455310464515891,1.459828249449421,1.4433633406827853,1.45178015951175,1.4623777682283787,1.4604838004997285,1.4724166415740907,1.4775441903774527,1.4822084102136268,1.4782709174204642,1.5006468474361094,1.4903508829183751,1.5227826989151783,1.5128720802079052,1.528930980943244,1.5295398835245302,1.5208180921680996,1.5484839733171365,1.5548914622346415,1.5731759722238865,1.5965233066966649,1.6089830361862452,1.6403076032205874,1.6393616233124577,1.6591546813088254,1.6789081752344734,1.6745722607774378,1.6963134604141883,1.7104546510514274,1.7376795468917388,1.7538230735450655,1.7871872170780383,1.8130935296561923,1.8218541461217805,1.8573627532398231,1.8801242171214296,1.9232137230838002,1.9363564097483459,1.9781798538835722,2.013934393046989,2.0338173293266943,2.0966671715401217,2.1189961943173903,2.1578775808415567,2.2011835537176934,2.235153850514446,2.2944959148274755,2.3243751882463846,2.395367494777212,2.4399375795839613,2.5138928415258226,2.5825445714093243,2.6367492164799207,2.72515071998167,2.8169440470124782,2.88777544923461,2.967512063963546,3.0798134702454996,3.1506505913771004,3.2707144246535917,3.3935853225212758,3.5592671794579895,3.68938939218498,3.856439797720848,4.017501960179845,4.197685216121439,4.445643203807062,4.636252401262975,4.9266586735372195,5.190813351493394,5.559190792986894,5.973134876292537,6.3985511232819405,6.966849816227658,7.524160486523183,8.004146403647647,8.371095095237878,8.653026955942787,8.906679858736396,9.165211177455982,9.438197963976453,9.59365476657211,9.813804089510612
9.2,0.006365902943601641,2.0,10.193450318984151,10.373179145646471,10.532606484637757,10.664490370013388,1.9746250703250041,1.9748078597833518,1.97559274933436,1.9769809361061477,1.9789745401840109,1.9815766125224206,1.98479114636507,1.9886230922527321,1.9930783767243125,11.641456143986234,11.693940460590923,7.672388242505496,7.0884247885141916,6.6715150003728905,6.27127717945227,5.933437657373853,5.584988742836548,5.327468392756462,5.061173007718022,4.813889816557798,4.642873615713876,4.422524827952125,4.264355208828525,4.106620071177295,3.982407229878091,3.825754998954617,3.695649292206174,3.5492683294223952,3.4519511556257503,3.363227269141532,3.2633449848127905,3.194798371138483,3.1052158218263,3.0608178442894634,2.952871502012463,2.8898730150515513,2.8113681168977784,2.756128386936477,2.706506983333035,2.6507340290007613,2.5886561963299157,2.5394001049243125,2.504097441230849,2.475688296848351,2.4164627644864747,2.3660253106802336,2.351484901057073,2.2926942777908645,2.2809263822674075,2.249301552448494,2.209726753545195,2.2015517142321444,2.1466146661340453,2.1170990535349468,2.0950776013995953,2.085814315597035,2.0528301939554607,2.0413320351866737,2.025523079603398,1.997930174964914,1.9973426004856933,1.961213711302774,1.9363449465691354,1.915130526284913,1.9141555749966408,1.9018097981892101,1.8720986805936188,1.8553142862162124,1.8601221425322803,1.8350460495307437,1.8423310728576334,1.8205636088006327,1.8206213587888043,1.8069861008197385,1.7956148303075656,1.792345581816233,1.785648359649448,1.7790304597689919,1.781201535150533,1.7716226756911608,1.765876284596428,1.762374173588829,1.7309884825221247,1.7512730142205324,1.76354806897422,1.7342178620800026,1.7351741603910957,1.7435529501044125,1.736408963367072,1.73317589571183,1.7392350157358227,1.7501678157670713,1.7709682653928285,1.7689712126478987,1.7619973237472075,1.7544576789558353,1.758269780545289,1.7563515872219075,1.7905086606728844,1.771986181030406,1.775617874208575,1.800275693111913,1.7997726625836086,1.8088023639243003,1.8249731152606643,1.8091697521185104,1.8265584907621428,1.8455300761063431,1.8546303362645138,1.8747535156886868,1.8815976888718635,1.9186000445812508,1.9143966757400281,1.9206117141222445,1.9408689521396911,1.944293062457532,1.991116690181131,2.0166408244977285,2.023548127764461,2.0211275917874967,2.040275536581199,2.075792384845806,2.0848418934031048,2.1244452869689896,2.1628118414943533,2.1897023900405355,2.2374707770979567,2.2497781154703693,2.269276495488414,2.3385656915935726,2.3523426331168356,2.384286753415306,2.4075716089700356,2.464209446414256,2.5251806098348952,2.5562244047110148,2.6212689196894656,2.6457551171299807,2.713379084198243,2.7544036567778605,2.830606503270252,2.9074681445723494,2.956794335283591,3.0429565241344374,3.119551939925599,3.204550827688735,3.2791235408072232,3.404798338429106,3.4866457855394404,3.6015514280541794,3.710012228180611,3.8440025578538517,3.9731812588646545,4.120140434268339,4.3027002333932245,4.462873265511419,4.664475970061764,4.867306700499861,5.1013522110573355,5.379346502209887,5.6280242987895654,5.989724403899755,6.299614247766025,6.756052313327219,7.198921976217025,7.78990455719943,8.370248039103057,12.82210669021829,12.76793764949795,12.689811587677339,12.618342503148508,12.554810769725352,12.469855510212177,12.359392952258432,12.235819053827466,12.128248863847952,11.974362637652092,11.826159523640403,11.675833827770946,11.473925617769215,11.300610728890796,11.072284129647825,10.879865439414496,10.570357141577146,10.33968127660692,9.963058728860464,9.573151152460364,9.07298186684244,8.223613524309895,7.569639009871633,6.8803209913770145,6.407098749484884,5.949843118954631,5.563397657604848,5.2153162467812875,4.915746080118215,4.664707999015369,4.41342607654224,4.19954666423803,4.016156978454385,3.876799261088063,3.6845973019879312,3.559041907273885,3.4347668322769214,3.279229785105151,3.181153995971737,3.0608095246348657,2.9843973713525194,2.8852199725677754,2.817835475399887,2.7407191269527704,2.65319642370752,2.587022085446054,2.512549220009594,2.4552581173767987,2.389094997214263,2.35694639915915,2.31854173160615,2.253220514740736,2.2104212321913317,2.159397577395126,2.12685960160037,2.0792389206226702,2.055082720024449,2.036471895702277,1.9745388547469997,1.9238685062929033,1.917511033236496,1.9006682686188163,1.8703095314323765,1.8274421144891155,1.8095322828314044,1.8077781472254524,1.7648317419166235,1.7205233672264304,1.7121831478327947,1.7185121114014397,1.6921695791844167,1.6748581425475864,1.6842054368907695,1.6261970006167756,1.6170625426656817,1.6141400014750673,1.5802294239555992,1.5852385226346672,1.5757146923904333,1.5544652947029418,1.5500814973339287,1.5224944949116586,1.54672342040894,1.5560531318366613,1.5223673824037736,1.4969981716413858,1.503503884627549,1.4944064964998445,1.4968936533975266,1.4813552826171865,1.4658850417517815,1.475921207802991,1.4874074356962488,1.446507379939776,1.4703262097777103,1.4758513328074074,1.461385247807429,1.46890679419994,1.4655594534841017,1.4651170289823787,1.4714673821528848,1.457344427129023,1.4719776220552614,1.4618334917004903,1.4456628734142187,1.4428432234640283,1.4453021004908697,1.4595861003007793,1.4402206829514255,1.477600223115752,1.4818222968599655,1.4826904999881578,1.4795463749348017,1.483846256186347,1.503658989209946,1.5096518384954472,1.5011490443224738,1.5248149603249728,1.5145503129463223,1.5240864097414324,1.5503498442354036,1.5464834980500517,1.5668208193702857,1.5581180331298983,1.584309421984624,1.5969481990059466,1.6086460694508598,1.6254347488842384,1.6297373440319494,1.647546383984596,1.6761561299087977,1.688915776821422,1.702922073633308,1.7045715143619602,1.7570283941687348,1.7591584986179447,1.7904389574464208,1.8090672038526399,1.821315235068155,1.8428264619431811,1.8765421200907053,1.8976698672502665,1.9261285545220925,1.934585616484081,1.967135273089016,2.0104489990677794,2.106253703528718,2.0720595481925264,2.1250526529223306,2.1975497694220585,2.221046041429278,2.2626037729052637,2.337791138585035,2.3401023162599603,2.4229201865359924,2.4741717334031788,2.5439242922264587,2.5906656948152884,2.6854301953711337,2.719116813776912,2.8207022748892694,2.9143024868169163,2.9985110518053446,3.1067609737124937,3.1972532471429993,3.32573083729864,3.432965918772455,3.581986485016278,3.7339744165251934,3.8864494965733947,4.088983143348049,4.2677830082815165,4.489597625344269,4.722859916402991,4.99277861370336,5.285070982145577,5.6790495092018904,6.0199857481631005,6.504094421315329,7.119559810548959,7.673349697254109,8.191387269314001,8.578752258036097,8.882640956143447,9.11148555448426,9.423326537715631,9.665947719519217,9.865744953967608,10.06550394573525
9.3,0.0012474131186508372,2.0,10.422212665102244,10.576122937212006,10.725343956913532,10.925605876008571,2.0540069783263024,2.054237904783504,2.0550951904023096,2.0565801428139854,2.0586950301402607,2.0614430894591544,2.0648285389245173,2.0688565936239414,2.0735334852864455,11.847982235629644,11.917158661706296,7.62825611732692,7.08196350967326,6.559420963417294,6.222451297665905,5.857640695459398,5.5633117190546,5.26373139142831,5.037298141398289,4.800792064084201,4.592125122923101,4.4125510519914215,4.221455845685117,4.089143497356474,3.915754507674137,3.8014997245284867,3.656307570042865,3.5551375289015343,3.430748287803548,3.361923174196328,3.2468778845459334,3.1522930535254976,3.079517723945187,2.993724818213193,2.933457623432867,2.863950211004107,2.8201071688451336,2.7446148197830103,2.703988898940468,2.6495357465040574,2.56044652786426,2.543893176901812,2.4753393128530425,2.4166447813864353,2.3955705230362927,2.360645027347143,2.3193848339538263,2.298297664720307,2.2662490323350295,2.208420309638518,2.208692474638888,2.1657465612093465,2.1237129692320607,2.1264064584544657,2.100128425708787,2.04176818668242,2.0498455321100253,2.034802827830827,2.0032334829772784,1.979745255515899,1.9489746633233884,1.9546083317467609,1.9473770654025755,1.9093310464613213,1.9081881914256422,1.881908157680988,1.8840643129683368,1.850268551414041,1.836106389935051,1.8606018896078111,1.8076457030430628,1.8124395704277374,1.8029193041534255,1.8098777753437518,1.8032033938326402,1.7738015270544196,1.7710634718634073,1.7786484364806447,1.746532161619398,1.766569241320777,1.759923126268587,1.7554623423455709,1.7368510017516385,1.7267912516584147,1.7390895544485425,1.7460102899292282,1.7361241316809717,1.7362340797141647,1.7469993033992897,1.7230266872533682,1.7263778011834265,1.7276129424699709,1.7283577020134704,1.7286788931164931,1.7323615693014964,1.7614168447752443,1.7717666025709118,1.7599028992529917,1.7664389539604273,1.7802729857175001,1.77381774464909,1.7698151407490808,1.8133097883029752,1.7983650979680865,1.804017220381051,1.810308623401267,1.815231019926026,1.8504821322609775,1.8579346665908638,1.8662945321227302,1.8839830042481207,1.882831696633699,1.891889014752124,1.9169248960462189,1.9519058697066582,1.9577390750786585,1.9874888805078492,1.9892885964316118,1.9923632919055798,2.0199887357095396,2.0583722355905714,2.077455262714101,2.096544905274061,2.113605565585723,2.1446960543071008,2.165594648762536,2.2152790438858476,2.233342688163834,2.27336270318626,2.307375934952974,2.343878021507099,2.3663713131238517,2.42623122557267,2.438914814384763,2.4780570351211813,2.5377654926033477,2.6016834343661115,2.6805341642785345,2.69835586408676,2.756742864675705,2.817270809622898,2.9113832101666706,2.9483419637716777,3.0341284820139194,3.0948800751802144,3.190980240342187,3.292092731568807,3.380386869792761,3.4839974509923493,3.5810756707580538,3.729081416751137,3.8386496755684645,3.9911267699625435,4.092186101210199,4.29357124821538,4.462498568934567,4.664713977140227,4.867058130652778,5.084647973342366,5.3644181254124215,5.624187485220576,5.96169180012162,6.309148714451289,6.744321228506284,7.2593053436509525,7.709787949550293,8.439737565668544,12.624946688328482,12.560531109513265,12.51084154624072,12.450419018060797,12.354121925590972,12.243926724750837,12.136162761951077,12.043506039794092,11.880540144252246,11.796416324014185,11.606828748543581,11.486702434560225,11.305035435122624,11.066500875532368,10.892795283299423,10.639762179732978,10.451167972073149,10.125698687373644,9.85338967754799,9.46538062907546,9.038889050532342,8.25535684719292,7.463268286124589,6.90715274420167,6.362797047391956,5.977282083783631,5.562439908206169,5.236575991172953,4.9321639781509345,4.675401862356291,4.438483133630521,4.191319264353016,4.044356402037772,3.837799790391845,3.68560689777428,3.5594096223651523,3.446975562090394,3.304402808392171,3.198246928810524,3.074929508279351,2.9711049616374106,2.8842803463416335,2.786723983862902,2.7151866618603564,2.652317419533491,2.5981295873656713,2.522954936150201,2.4611083109236165,2.4308784342970937,2.3505748325822013,2.2966043686845503,2.234175259164646,2.20821544979104,2.163718062611078,2.1463738438994135,2.109062422281862,2.0476635249209196,2.0171011839643973,1.9970118205705825,1.9631281472162603,1.9261721912527385,1.9108813936423934,1.8774136239691397,1.8274867459194093,1.8303991014499201,1.8054003968669832,1.7779503346987646,1.75669700893385,1.7315101032715519,1.7034656161755555,1.7172184755015039,1.681008872117532,1.6654145152853794,1.6257228264045782,1.6418696174925782,1.631463908351269,1.6244922404504223,1.6127879304369774,1.589404844820345,1.5731620941084221,1.5671592797428593,1.5587798690006327,1.529551472814639,1.528073298356513,1.521375777120514,1.5236348885351108,1.5220164873792994,1.5203083059450768,1.4954636139946083,1.4981183070812951,1.4871134878990973,1.4952421669019753,1.4948661611629002,1.4903546250912425,1.4897450348047323,1.4573546684613174,1.440876990605187,1.4654916719535707,1.4684342035939686,1.4755254236802917,1.4555991749190822,1.449645905206055,1.470431736055001,1.432521076981252,1.4560271151287238,1.4590664751817934,1.462547397363291,1.4562674674272444,1.4752548006255726,1.4655638356838219,1.4844264344759772,1.476486404857344,1.48197560494324,1.4882458485196413,1.4925205357474636,1.4980545556910174,1.5249291523550284,1.5019464059462018,1.5289800930175275,1.5528077809738097,1.5335877958782536,1.5585254605044425,1.5674357229979392,1.5799732891125573,1.5703483745212736,1.6033825316747008,1.6170737156757913,1.622650531820575,1.6430711405599525,1.644479786328618,1.6645882814896982,1.6728074359310567,1.713198476608252,1.7289047966964592,1.7313103100432323,1.7474150462792533,1.7781895439565236,1.7934349740034177,1.8157919059715841,1.8454096886599187,1.875524513820943,1.9267466741015222,1.928411044153348,1.949908043269412,2.004233659081772,2.050384554170715,2.0888675369391683,2.0729526474483557,2.135530124975026,2.17011739896715,2.226951779939786,2.280484651447058,2.3266225229670363,2.37216394051469,2.4222920122382026,2.4995068340553357,2.5659218151727528,2.6422173227147057,2.67401035017999,2.7536077019133876,2.827080108356222,2.937655660346426,3.031521455440153,3.1213345831242085,3.2438624482135343,3.3285935336894257,3.4797727350338956,3.6103388391644704,3.747955821638449,3.9067071293717466,4.106110657945108,4.2702703927901355,4.528614945015836,4.785379878995924,5.0204523864266895,5.358308203079257,5.692476463380697,6.132744010830372,6.542655145756293,7.14215582039249,7.72296202736812,8.308491065631534,8.779428630675639,9.042972276959091,9.330561395066853,9.579069978609906,9.852502244628424,10.042238728734672,10.222212881664902
9.4,0.004053334183532536,2.0,10.664076894782726,10.84398958918908,10.980885817285095,11.133450481035874,2.1334098273373923,2.1337937203410275,2.134828402047468,2.136515451051646,2.1388574451945757,2.1418579711908667,2.145521638068331,2.149854094513688,12.018361344187094,12.070217738892884,8.066857273707784,7.507841936481253,6.944505079668359,6.5438036035234495,6.134576693988861,5.767751777132313,5.5157804543135684,5.19100566097561,4.995058781160787,4.731060883464057,4.553585250914008,4.366535097323051,4.184624466481492,4.0342641088853375,3.880290760330442,3.7555467769618844,3.6499099064632707,3.5339209071640574,3.4327196226360073,3.309477841426868,3.2189654670864734,3.155879157161244,3.0690591738573585,2.9863702664571106,2.9088084674997545,2.8286008177112283,2.7704587214375205,2.720819093649775,2.678651256851247,2.6100928513201893,2.5841852011252135,2.52063649246668,2.4898297878616478,2.4320047952461343,2.3820863078560666,2.370943068706829,2.329380844747611,2.27636435970991,2.2257227782833175,2.235856756153827,2.1803986552191854,2.152517391861117,2.1305068448921505,2.0980246997184935,2.0773385452716973,2.064816777262665,2.040489205673777,2.025856012337781,1.9910815417063759,1.9768887525679935,1.962281662956301,1.931356947279934,1.915061950887331,1.8980509124690634,1.8949264772784848,1.8762517361207607,1.8587657511339009,1.8586603436279419,1.83547767533265,1.813019204783202,1.8214072635046759,1.8096961964725777,1.8048124539508545,1.7853899496152574,1.7777694258977526,1.7796479546228072,1.7480389937864587,1.7586190088018667,1.755118497377241,1.7627878990984263,1.7390373634701133,1.7430183400820871,1.7372965312654516,1.738265767487519,1.7354672582901762,1.7344356099666076,1.750285013693824,1.7233405801937964,1.7438897209752278,1.7440039622963524,1.7445330257262615,1.7464500081988508,1.7375307495916188,1.7343121634310557,1.7361513790729146,1.7600479660874575,1.7787556101108484,1.749822967162967,1.7560978525808475,1.74873279685665,1.7930620495343186,1.7915476909471795,1.7889233996097933,1.7940253865684246,1.801069491122595,1.8098388096267914,1.8130902769747241,1.8359117806137157,1.825956266618665,1.8627711558177358,1.884448415687362,1.8754349927272602,1.8942541170993754,1.911451826456563,1.942356623601793,1.932931931231143,1.969026748841572,1.9835801356283578,2.006563934107547,2.039063590347571,2.050002343958981,2.073543099200775,2.128544016355762,2.119200731036752,2.143961053410522,2.181109380321625,2.1989318628061842,2.247040402554574,2.2612232796798,2.282713063266223,2.357531887675354,2.3874301783100664,2.4027196659412757,2.457094863697535,2.487218545256996,2.540379050789515,2.606584881902919,2.652645759745765,2.7080011651300784,2.747593830075736,2.818719703495578,2.8791713653938475,2.972532226153191,3.037891136119719,3.0942618619576727,3.1908181505119786,3.2849045456178576,3.3820158053770446,3.484657183303463,3.59449048817258,3.741769310449906,3.857503462262778,3.975791347996826,4.116835430351459,4.316147038307133,4.471245848044605,4.662662224138142,4.89890928394687,5.102463418441501,5.403596435240311,5.655719507172132,5.986989806084777,6.3602524171701305,6.795368222922615,7.222045656148631,7.817571941434167,12.440961893284458,12.412166689123186,12.352102620396963,12.257493623464095,12.200755516960504,12.121702032121203,12.003655157224534,11.904902774704011,11.829656323525057,11.673194910523067,11.554273726816556,11.399207648027836,11.24869215865358,11.102679982038783,10.884080896133819,10.687119994217781,10.43423079448396,10.197760703040498,9.92438255343512,9.64095152735604,9.258672900521429,8.857307047980209,8.166717352955109,7.507063739563757,6.848640993492765,6.30628790234148,5.922684683798589,5.495720853411486,5.2167096098636945,4.906987093731923,4.663131418920392,4.426533017375174,4.232164089091359,4.025463201339924,3.8357474489998795,3.7095530032149178,3.541753188836987,3.430045154403891,3.2899132352216474,3.194788008429304,3.085745281080741,3.0189783845449765,2.9022117618654,2.7899344377501443,2.746841300824876,2.658115820683532,2.59782543093799,2.531804162522402,2.469049608230392,2.4334024395513714,2.358002193181496,2.2987064293049464,2.2640090997869255,2.2375345145655743,2.1888709066774887,2.1475375076702936,2.118670166636444,2.0641517658404718,2.0192303683346036,2.0259361411065244,1.954839196756835,1.913583123444276,1.9132369990821583,1.8846670341103986,1.8572306521106243,1.8275104184143423,1.788688904963629,1.7661048451302028,1.7491762305478888,1.7219954579070735,1.7163866454302845,1.7029215300272371,1.6753231662872214,1.6650690646598056,1.661787849608751,1.620964989298006,1.6281786272341798,1.5960195834553705,1.6060152508410812,1.5798244764417464,1.585500664048099,1.5554250054541936,1.5717239656464599,1.5348672271902764,1.5417865486772484,1.5213855802906806,1.5338254206890372,1.513461005014995,1.5116319018183397,1.5061080396643631,1.4979125035633514,1.4880265813882771,1.4869258001656658,1.4892964705576879,1.4650316071809077,1.4869570144384274,1.4869943016747016,1.4564435410203485,1.454730633594882,1.4682991422055034,1.4634602525512308,1.4736085887814405,1.4559495246124905,1.4689729626763732,1.472015519476696,1.4763669332692824,1.4938223098949213,1.4865018758747706,1.4829771103404905,1.4816826623073223,1.4812154697037634,1.4478938846703637,1.5079802677887282,1.5001094916271354,1.4943614948958825,1.5050140444462632,1.5113569343734707,1.526639555467544,1.526785336522607,1.5380522392306508,1.5324304740366095,1.5552639910239625,1.5568301897085917,1.5850212891884392,1.5616732022310695,1.6065127123598362,1.6001042177994491,1.6313042091556917,1.6451428484189419,1.6258830997759524,1.6838957183535013,1.6869181896956114,1.7129661367572457,1.7086994110397447,1.7504739591483485,1.76822307227172,1.7732513684021745,1.7808660843169601,1.8140389527764216,1.837959278035376,1.8741040137125484,1.916033122256646,1.918112373516231,1.936605023530137,1.9708242124183328,2.010999871527928,2.0583343901479934,2.091365544194709,2.14751960914277,2.1724390480764124,2.2047465062883136,2.2489828117758024,2.299662540773041,2.334324508113377,2.3983387013974493,2.46403814945472,2.4994641252173326,2.5727684547396863,2.630669962641735,2.699774897493482,2.806664032059275,2.8587097683907436,2.9551798652945873,3.037219650813814,3.160225082754973,3.2512261161218374,3.3960839167561057,3.512204372706284,3.645081480879118,3.806996954037682,3.9466143153632682,4.152001426309625,4.339201350756525,4.580045620200106,4.803351727110365,5.1023133737581166,5.448450342021821,5.786445367657275,6.204041603991238,6.651674821116516,7.267472812783762,7.880785287771858,8.494222434232226,8.871758111506876,9.233430199235235,9.576770499867468,9.81290424662106,10.072722747209717,10.268970626546658,10.46268213808316
9.5,0.0009293151455059012,2.0,10.8548251475606,11.011475859161417,11.194812954765,2.212954435217932,2.2127662211307912,2.2132524128178814,2.2144137515076525,2.21625200931346,2.218769995838675,2.2219715686736508,2.2258616478576694,12.145267271214296,12.247704973200262,12.267149915989897,8.016884926045899,7.383166145686239,6.94084993190356,6.475777086598073,6.114624359870601,5.752776241332713,5.481922017203392,5.2029526906373675,4.891461959928919,4.720652738005275,4.500603785521109,4.340580099674174,4.14644536917073,4.015117295787153,3.874316417099324,3.7556260239325168,3.628192934643439,3.4953228531959364,3.4160824093059845,3.295590360339156,3.2550686132136115,3.1354530633720943,3.0762974294493635,2.9652152747549327,2.884306576090342,2.8335364461053345,2.7570163067958973,2.738308684704924,2.6869036619880675,2.5926790969562634,2.57468951312982,2.5150708330248537,2.4418124491676862,2.418673909618516,2.3953097192613155,2.3392332670467693,2.3031695380471913,2.249852077982194,2.2493645686190944,2.200436052397261,2.1531481857158026,2.13789950814439,2.1190938754501647,2.0851312820719032,2.0684103258668616,2.0387543434904596,2.022842408918923,1.998943956423237,1.971278989973866,1.981258229822246,1.9501314867170285,1.9241476644685567,1.9285372311614342,1.9065185477617042,1.8778627350093533,1.8695536751838848,1.8692300082612627,1.8456450467120569,1.8448690404186407,1.82283268533985,1.814222579369109,1.8166457834116023,1.8179087974930892,1.7757913381305073,1.7560461640952216,1.7420742504954374,1.7666955199265229,1.7605597574805352,1.777297872414545,1.7458835454648405,1.7347502805945836,1.7345108282741384,1.7526452796419365,1.719689140932605,1.749712873890878,1.7319656285278802,1.714281332798969,1.6888316179382101,1.735346100231845,1.718870557662549,1.71389806469538,1.7422868119601742,1.7555591818162575,1.7445410694415904,1.7421351169786847,1.7483923352621147,1.767225980361368,1.7559515906715626,1.7409312495279976,1.7786519077983711,1.771686178421245,1.7653970435925885,1.7893128039113182,1.7947211646881658,1.7899151103288151,1.7860411455065148,1.8279035824942707,1.8074510450327097,1.8417133150385845,1.8694509284464265,1.8594069497426742,1.8849455260136898,1.8906922596450144,1.901838977783254,1.9153911663191163,1.950216195517573,1.9478361037013243,1.9642217448507477,2.0082650247519647,2.0263720174953077,2.04623229012054,2.0684832856899034,2.072950009376419,2.1182497795357795,2.1413868461603185,2.1523337653258543,2.189399892129185,2.213341393874605,2.241075424913983,2.310122679441342,2.34913131490892,2.365449662488108,2.4057925007245,2.4518095716978316,2.5014421662410253,2.5449671937131857,2.5979170136957754,2.6380249945583456,2.713647262865419,2.767098445760135,2.805955953894177,2.8976897451286816,2.966969912317519,3.03447802355725,3.147527750422002,3.18152244286223,3.2759529327255446,3.3789257623504527,3.468980359179553,3.582811237608011,3.6918092539705483,3.8459202397386516,3.957302853341092,4.152206515757779,4.294278876443763,4.469961688416339,4.635346214272258,4.888513546697603,5.079818813448763,5.383265228197239,5.66694482095257,5.970213667493363,6.391992968502359,6.7596074737350795,7.29560528976215,7.800834549343275,12.261810980482744,12.200311047717614,12.15438001745581,12.073088974167314,12.012517203372337,11.910657172764553,11.825067443439483,11.70513559222714,11.598675193006773,11.464786902453648,11.351940512278029,11.189234228803171,11.02694148498345,10.888956921407193,10.682477290785279,10.539094026600448,10.252337517122726,10.059493988213259,9.79916267743201,9.532907320955642,9.139029282452855,8.703076834041962,8.163097507572726,7.418577662244049,6.887196955730881,6.335792689159295,5.939806328573527,5.54204574316206,5.254598799396489,4.893081492983912,4.640361651188893,4.4537119807050125,4.1934433056355065,4.065356181045571,3.868878121728114,3.7362258072607437,3.570635005526333,3.4360536210247523,3.295055897714638,3.1570725030243225,3.098223141944542,2.9801968241762635,2.8990441696857174,2.8206948203079256,2.7443214089942782,2.657678216546341,2.601597847580222,2.5376627000563814,2.5019517611221715,2.4223934256439277,2.355416995511431,2.2951044339867743,2.261297787555017,2.213288565445278,2.164791116400258,2.128634813190993,2.107516044180271,2.0608843384222952,2.026064514088606,2.0027931286529066,1.96897946375389,1.9403076835309097,1.9271993537795005,1.8855117606577154,1.8704126076223837,1.8391258998558337,1.7977555213283718,1.7736315222919565,1.7410647102044754,1.7471749690050111,1.7192361681702821,1.722854020452496,1.6879081326559988,1.6989333454676516,1.6548941706320102,1.6528591932637018,1.6362702175283046,1.6123326096947412,1.60194030580935,1.6129470780851318,1.607809065959841,1.602861662688175,1.5675486903309799,1.5546252074353764,1.5445114227241217,1.5174440045345055,1.5231376117616606,1.531767419555464,1.499191322624941,1.5139049545025685,1.5072305430303061,1.5092358099559595,1.4825312449081969,1.490479208125841,1.492932998992239,1.4709135347323619,1.4659387498394074,1.4878976739669982,1.4959879511477798,1.474444976218496,1.4865219522557345,1.4799478774573958,1.4896214359260946,1.4894992820855024,1.48093500443238,1.469686014223456,1.4655243657448582,1.4799003488756637,1.4784315011447864,1.4829127111015366,1.4863784270543972,1.4862795531228852,1.5122743974630284,1.513046477052322,1.5018294155801255,1.5158578140650207,1.519294342798549,1.5095019648806782,1.5374749114824477,1.5420361059199192,1.5777503999954903,1.5597101357616538,1.5929593540569695,1.5748362934098925,1.5836246437179566,1.5986534512283554,1.623463419099508,1.6295636681630696,1.6219049084486776,1.67175589518926,1.6649076840750585,1.6925583388538963,1.7029690754440652,1.723363312872054,1.7321036432586623,1.7693421135923826,1.78245081683037,1.779924301351703,1.8332209246610063,1.8491333525921336,1.8936311428274273,1.8935317840822758,1.9287235182895448,1.9513253403877788,1.9857908880804178,2.0340165424192564,2.0709719901934354,2.08575414527357,2.1246590487542805,2.183116984262875,2.214514469495393,2.266155753257277,2.3165912353412987,2.350006533826321,2.4086612067573765,2.4819882888016163,2.5184862209524774,2.5905450160161654,2.667570165528876,2.7056822141085366,2.8060272579437546,2.8770900937459447,2.977485316970773,3.082525969716664,3.1515495676703447,3.2808231805987993,3.3958490453615418,3.5431004067561678,3.6666263813094258,3.813605546317426,4.011294475471529,4.165603911569923,4.420203923809105,4.600018032678499,4.865331445234457,5.117799302728674,5.477704177123858,5.785731806925243,6.255540532379697,6.77476273363573,7.296563179263041,8.036584181599142,8.692722466472272,9.087631411052989,9.407515199270522,9.737423137859473,10.019356755056098,10.25224299581532,10.496038922478274,10.687435911218804
9.6,0.004309466148731726,2.0,11.102197422265409,11.273043154069281,11.407951192549776,2.2921041268819455,2.2921477561783337,2.2928900990668484,2.294332287546127,2.2964765233256332,2.2993260860376443,2.3028853455032157,12.304303291256236,12.390238281871985,12.421576621775126,12.459054102960167,7.873808757187136,7.260087388729876,6.820443094859716,6.367672810427104,6.052926501679563,5.690405773219267,5.399649312273455,5.100440587917941,4.899179803416184,4.6642689199228125,4.462045401754179,4.294471289213382,4.117658001923783,3.9858447614525816,3.849722778347481,3.723991767979061,3.5776958459824577,3.4944453628396377,3.3550727432406946,3.279663748585335,3.2144092623027203,3.118957441062338,3.037976604089719,2.972588602331653,2.880655971472662,2.8163918949681097,2.773118678806144,2.7044848173712825,2.6138492747406623,2.6027212827473316,2.52795689862311,2.523548329683363,2.430115597346798,2.4087788959346734,2.347200747583226,2.3429121115935416,2.293631671817242,2.2717772226615964,2.225349509794766,2.19884791358259,2.1627568907125525,2.145639328578745,2.102575035443337,2.072097170519857,2.0751181112447874,2.034272982865773,2.013334542358853,2.0036956715544414,1.9842636520851884,1.9632071360318355,1.9284912766585716,1.9405835137112728,1.892345592677192,1.872421772500557,1.89202532761283,1.8698341932368885,1.8527258518759817,1.8279846210965334,1.796868093914238,1.8253001303302279,1.787358961031165,1.7919321621811608,1.7954837218984419,1.7917470343504969,1.7582039936937246,1.7712361965591026,1.7658377902977607,1.763799436886002,1.7448819779129476,1.726928447105329,1.7475584125353314,1.7444686312024082,1.6970886190167194,1.701659083699729,1.7277164841384185,1.7128015688390101,1.711690157006587,1.7120581549093832,1.7033547909002849,1.7149760489447357,1.7222656412895185,1.7249999093887152,1.714543349464688,1.7117813925521328,1.7534464732481716,1.7341079102403072,1.729726693551588,1.7383849242349725,1.7491130126889876,1.7572033736113037,1.7744667541167012,1.7798717129158186,1.786883266662617,1.7951080434714317,1.8066860811917056,1.7878118261278262,1.8297163115325983,1.8154419388775944,1.823190425549757,1.8307030626594736,1.8595761588184663,1.8843739013729983,1.9135896326416604,1.8947562472293205,1.9184452718629736,1.940884902110869,1.9534485272995799,1.971056933609205,2.0002402158935935,2.025720806520377,2.0416967903551804,2.043057654403789,2.083044690451516,2.1303799465261433,2.1405998384685416,2.1667305520821136,2.2002138316032256,2.219993085376301,2.250674027381602,2.2970233783080376,2.3554223943131003,2.35039832034849,2.4124381317012356,2.4369310167492824,2.480396267288858,2.5424909744048922,2.589133054227581,2.641680431579785,2.716704203054206,2.7590388292816854,2.814908543995182,2.876345163087138,2.9499191212759195,3.031831726351533,3.1195169900814523,3.204504098221725,3.271372975889586,3.359623253013064,3.5058012069293762,3.576256224350852,3.7201052769930167,3.8496933827249036,3.976118962208958,4.142255360845803,4.304588925466479,4.504286268940499,4.664699902731019,4.906103592313844,5.129961412763102,5.416874104908273,5.67866565187991,6.054972290382507,6.440150213617192,6.8288993538479446,7.345060295798947,7.90074832109226,12.044276363552335,11.977933821509287,11.90451325958819,11.852763013817752,11.776365435803672,11.678036986570664,11.581327431276367,11.464606943615125,11.373439635128571,11.252571793194614,11.134461933577949,10.999018527045545,10.826989439531886,10.653826680745816,10.443810804841583,10.303433874513363,10.045339142603698,9.846605488199923,9.570003908732614,9.304676256290561,8.985549150144553,8.626360733515599,8.066402301817801,7.326570397888188,6.789640230235765,6.290323740431358,5.896160212034076,5.508788667054243,5.1776089954601545,4.862924249942914,4.633154618675602,4.406831116399824,4.173893099556418,4.018759660243816,3.8578800877621235,3.6885992979965456,3.514696280104606,3.414084055595725,3.282381422523416,3.171821278210913,3.0702827018070256,2.989945258283713,2.902748672503427,2.836985241522751,2.7296673039219885,2.685778049817049,2.610213062482273,2.54050126024538,2.478390202239434,2.4142605812127402,2.3587575378405723,2.317717576406947,2.2397791868954213,2.2066706169458423,2.1959745370712556,2.1433946087925038,2.114911662450687,2.0573169729225715,2.0255499287307233,1.9844304985969943,2.000367291309461,1.9348302878831596,1.928357071827981,1.8888820877816124,1.849312604627327,1.8485471471300186,1.8024207859078374,1.8106781490862307,1.7625513225799654,1.7668085761392605,1.7213903208346617,1.7189734968380777,1.6902670691176525,1.6849137656409887,1.6640979553902657,1.6411383323391837,1.639118959916172,1.6230308424359567,1.6148922943661497,1.5870983846889657,1.5899173559950153,1.573874652095413,1.5589735493466896,1.5580751991283872,1.5386548007733962,1.5497185619949188,1.529228150144532,1.5333424995788831,1.5287401642047374,1.521849679243078,1.4984464391065593,1.508574779365867,1.4914387029609122,1.490376043784169,1.4928062005610176,1.4755157191526471,1.4856023945630612,1.4870784585271781,1.4731750574267226,1.4849561745483844,1.474435591060158,1.4730637458547702,1.4764783972819417,1.4767677898996834,1.4839629735760054,1.4773778557462496,1.481150788369897,1.4985356092153959,1.4873744321598064,1.493040700339502,1.5043986597264785,1.5109174259422753,1.5000111922737445,1.4898644061873627,1.5140064538734301,1.5000229237815728,1.5210901691351257,1.545192281827886,1.5498673130757776,1.5454682680149059,1.5669329340896723,1.549215775125677,1.5922473090595874,1.574992956964686,1.598763466822395,1.6246619396962674,1.6212605340564479,1.6535002443182614,1.6498444164614658,1.6511596705888638,1.6681162564698833,1.7064964952837385,1.7063260230924746,1.7462025872670295,1.7554496011966638,1.794893695841594,1.8006583783119325,1.8258759046622237,1.835054184217719,1.8497643544786628,1.8638006181938698,1.9217133623938785,1.9345902956733054,1.9833204530646655,2.0000307114986033,2.0280044492627614,2.116022491789537,2.118830689520235,2.1431868404805314,2.1660663416560664,2.2259497481698007,2.279857269800589,2.310803888412022,2.3886379068153474,2.443447345707006,2.471084601208822,2.544504402423324,2.595330104880473,2.6762576323709273,2.75206705495747,2.8122284395818555,2.9010238449954278,2.9812529374048564,3.1066364552490895,3.1892089361368594,3.319903021496918,3.4324242391007607,3.5571620509717126,3.7040019495509484,3.860735627381855,4.003355259551861,4.208329581786578,4.436637977702712,4.656650453018691,4.934959873994981,5.215078602886246,5.558461766954307,5.904324910991459,6.358702118064495,6.801579918539583,7.456384256221886,8.227515111506564,8.851853074376724,9.323812313994628,9.642850243142448,9.98341834034021,10.20903643025057,10.469107203170445,10.701675239534627,10.908156562951525
9.7,-0.00047173670079236744,2.0,11.286986579729787,11.462298545448816,2.3722989931086556,2.3716683530746856,2.3717605885295856,2.372575840065954,2.374115350925735,2.3763814716299234,2.3793776687468737,2.383108537860195,12.529875029156463,12.583927944131721,12.640011925193754,8.46140246901373,7.882439642933515,7.23697893614928,6.80869854318992,6.33815015642352,6.017980888320333,5.659443430407363,5.351657407214031,5.104330347024057,4.852987752342476,4.6897811603067785,4.440403471721431,4.289842032311,4.110379575152528,3.9385400152110956,3.8114693655825347,3.6716233668401386,3.5935484618540525,3.451670329813518,3.354802028734526,3.260919838358381,3.175316030720546,3.1001405460086504,2.998642874917959,2.924126425292057,2.868470878511253,2.8009621251899666,2.740751948809105,2.702552982800119,2.613022713971773,2.5676818400210517,2.517024151096979,2.478477992479701,2.4350235736151546,2.395942792267656,2.3608006170862565,2.3311665117841938,2.2649670816251755,2.2568245770574524,2.228398941919846,2.1912313153602505,2.1562420301215397,2.112666179007984,2.104117065876132,2.081845179353503,2.0657689027252446,2.040682034935128,1.9875611071786532,1.9767627901336284,1.9500929294273677,1.9415967452673917,1.9399489408924269,1.914248346196591,1.9153605910080362,1.869728988807816,1.8646430724770051,1.863965858426241,1.8364820570375244,1.8393085720684084,1.8146245586687337,1.7875440922902182,1.8003859784845886,1.7836474918038991,1.774230293101734,1.7693389805239348,1.7627391057914823,1.7455155113650684,1.7567626056372474,1.7336981928647328,1.747934711799916,1.7490637746324094,1.738308096948973,1.7179527961492853,1.7130561712301364,1.7123962121587097,1.726260947069861,1.7246433169802555,1.720781983717745,1.7126031105973893,1.7299543416157541,1.7209307186363585,1.7177151661415289,1.718236845883989,1.7186243188517298,1.718885691516728,1.7379591774905465,1.7218071060688527,1.7455836400321256,1.7436329407462188,1.753182677298154,1.7537508425252055,1.7463986394287585,1.7437386092418548,1.7731168241686994,1.7781805241885564,1.8209589706854636,1.788446506035394,1.7967409649473884,1.8252087448922059,1.8511645651307977,1.8389009078594136,1.85899705762347,1.8507060068753534,1.8737517961035872,1.908799810883526,1.9344233632479801,1.9558748911657489,1.9464125026709647,1.9742296462716058,1.9702580262062215,2.0148588097713054,2.0388478195079682,2.0517741383585317,2.078533780744114,2.1041646942601817,2.1510510733173525,2.1619113586274987,2.212730074112597,2.218464039518763,2.2630758021727324,2.307236499722924,2.3338614329622716,2.3632724312402194,2.4148879983460265,2.438168569215827,2.4925161713156467,2.5593256323390667,2.581443215800118,2.634166085392959,2.706896671585522,2.7631700138432116,2.8223198321600194,2.8802715690357976,2.9707354721504475,3.010166544667829,3.0967864061511605,3.1826153548278593,3.285421764111335,3.393843081027338,3.4581396919684972,3.5997531310720836,3.712190407684386,3.836929236641296,3.9608935970915864,4.1334725067438205,4.281289700923019,4.48650284094655,4.670835338049056,4.899337672576104,5.172233290436865,5.374470883433591,5.689300876341788,6.002316199534622,6.428121535121976,6.81366566025204,7.34899523659004,11.879326498922586,11.838779887194239,11.774551709193492,11.708108142684177,11.645037437660593,11.575044424719506,11.473646606523324,11.383264699618005,11.278283869530355,11.137938316445625,11.052113026934546,10.894718303888421,10.77030827460716,10.611467735619673,10.471799453873718,10.262682693625761,10.110075828145161,9.901419868379117,9.620551968848993,9.432663463046971,9.122966909077077,8.848348544074403,8.48600706947918,8.069458594500322,7.380624359549721,6.863868517307375,6.296497086130886,5.834435586212865,5.5231169561447775,5.149265491418998,4.902262770008319,4.628515116058884,4.419935026315511,4.190882985924236,4.033885020562723,3.852602579156189,3.672344383183188,3.573267043400532,3.409749409283021,3.3066586436430514,3.202495087137895,3.106839520600018,2.9932454950670797,2.9248567818736118,2.8306583801782748,2.740052825827439,2.6851163319644016,2.5918698791839705,2.5479109166456473,2.484204986554979,2.4529043843722755,2.3806023304819055,2.3369538723957004,2.286398480415452,2.199155724620896,2.188232942404268,2.142148931251559,2.1253731354828163,2.0936829823909258,2.043474166393673,2.003164761410919,1.9888364166175097,1.957969942235971,1.91922252017695,1.8922565898111992,1.8486368289536115,1.8443678130990868,1.815534892943842,1.797511627980298,1.7775299404667046,1.7558530459917188,1.7352344088211828,1.7178807319511675,1.6795382917341364,1.6868455503138207,1.6730143342111738,1.6506656873279197,1.6407031134342507,1.6010748937517458,1.6136959300998945,1.6043953712399788,1.5895681006062,1.578171401509443,1.5895421380735624,1.5694497985375713,1.562343381194045,1.534488875404918,1.536598354733208,1.5224095011776668,1.5175181335534704,1.5192403287171135,1.5109221484606552,1.511666679493461,1.4991791151459097,1.5098081211360475,1.519690458797042,1.502510990007623,1.4749632082344697,1.486113408944635,1.4783607849377793,1.491177036685664,1.4740471959848853,1.472313721299006,1.4776052423695636,1.4792156146186428,1.4790160068709346,1.478014299967341,1.4800538115081792,1.4947616793572092,1.501485904410077,1.4899057464088472,1.5046518157274038,1.5011430470265106,1.4915234251286664,1.5105655184409796,1.50189315078387,1.5083401730875932,1.540441212209151,1.519744816874573,1.5306748459079997,1.5653245096556307,1.5455042130639987,1.5747855900074466,1.5797675943837568,1.6057607685568926,1.5838056800996168,1.6146438436119603,1.6498019012967498,1.6467237941256623,1.657532865797422,1.6885656004572542,1.6832977567707939,1.6931902011095026,1.7185464743141494,1.739484639030939,1.7679058494819937,1.7727398431458585,1.7965185496011769,1.8053993055026525,1.849260577695297,1.8712940852362914,1.9167842688451278,1.9292742804794272,1.9386721092986685,1.9632026443038775,2.0291191224252803,2.04218978753322,2.086765182653867,2.126160350526592,2.156989007783842,2.187717697604103,2.2586044872666706,2.303626779851086,2.3285622280330878,2.360542723609005,2.4627087172221294,2.530707279904028,2.550804614323002,2.62194817059372,2.686390117751049,2.7543429644596893,2.8292805972284976,2.935386087974391,3.024083126342515,3.1088451298665043,3.2034890815737045,3.3403313628915248,3.4539074600051953,3.5835985027455672,3.73021665482213,3.8870317982332603,4.047997270661988,4.223522077218147,4.471076078834414,4.67496687665486,4.9735430035281665,5.2896701085416655,5.556219070269238,5.994375244392055,6.392624079171226,6.934380216027874,7.485131669437276,8.243757784825641,8.902991950671062,9.453281580412536,9.837931363809565,10.139998045999961,10.426655798916098,10.65489274401285,10.942142090042669,11.068845261120439
9.8,0.0023603929069974825,2.0,11.482691479971022,11.659698634978025,2.45187992459939,2.4512352519609286,2.451337703307122,2.452187434802583,2.453785742280728,2.4561350660693786,2.459239000094281,12.636485649124523,12.73192063041224,12.759115281337507,12.834577686757392,8.544648150805369,7.822734152935061,7.228181381583692,6.769515023341789,6.30431546599371,5.989224491853782,5.637048912630401,5.372570851167369,5.064687141837966,4.861907888658127,4.626688419271589,4.4232943867663,4.261873509062358,4.099515964598856,3.966693990698814,3.802390463031703,3.6808842962639297,3.5764721686274394,3.487139931003549,3.357200508576176,3.2760230784184348,3.1796426409553207,3.087938487298155,3.0240959779435013,2.922053667022162,2.8546928322043668,2.8102700503357134,2.745536996730892,2.698149440714086,2.61764718945048,2.5869236928443864,2.525190997580345,2.489654829332424,2.44853092589593,2.40502728660491,2.3522616004605017,2.331718578758658,2.295237363195334,2.218788372173629,2.229279665719413,2.1719598430645415,2.1461779994300545,2.112225100470229,2.0872701242296827,2.0914957122790923,2.072545216020804,2.0241369284769646,1.993942036914286,1.9596653917191191,1.9626943691874628,1.9246834228730128,1.905704539556274,1.924127784917161,1.9035590856168487,1.8808996409360585,1.852700947609117,1.8368235524075127,1.834231418967497,1.8192443854283618,1.8565200358883442,1.8005738115895733,1.8067210004862961,1.77390471981014,1.7728801585555822,1.7383014829869865,1.7596590136993437,1.7691944486206357,1.7314840943547685,1.7253077581880492,1.7314108505777102,1.749695057879279,1.7139125383760803,1.6992705340118055,1.7175549972384052,1.7344810152242105,1.7223228998498907,1.7182863241202753,1.7351837496579992,1.7079347682986779,1.7086655841499565,1.7116806097478898,1.7096870412954885,1.7243275830316855,1.7286685431570847,1.7145671196418812,1.723813424529986,1.6991487527940112,1.7476992035627195,1.7346913895164493,1.7358990866876707,1.727046440483948,1.761355050444189,1.7561929740149478,1.7443902163964027,1.8003373624851646,1.7658750486981007,1.7954702065065113,1.8050552333313503,1.823409488212063,1.8240787495747037,1.8460221084877164,1.8434281958818528,1.84823509066963,1.8872477625135688,1.897929917400471,1.9451409144022695,1.9118714777280454,1.933063800289225,1.9584422034587057,1.975195864008412,2.0105978906227984,2.022172477475198,2.0474962760304902,2.0673876011935475,2.1006451427873696,2.1177325133955684,2.162133899200507,2.186501944829442,2.2114106700135845,2.231930454779826,2.2881931184997497,2.330255074073872,2.356802903283853,2.394472343474364,2.435258351428989,2.468250553902754,2.5452951466274594,2.580158611572535,2.6205096221630937,2.687316730850256,2.738648661394037,2.793120669416721,2.872958047505015,2.9394092960171405,3.0130094288359532,3.1056489563033325,3.1737404874341393,3.2569487160738357,3.3440510217554578,3.4593112225629405,3.5520743663807863,3.6960005241615215,3.801649578275332,3.973758887903809,4.114672527776734,4.275534649139276,4.463124727504521,4.6385883402507,4.890566081318917,5.092419943365727,5.370736524581284,5.658608123777028,5.995594973723567,6.396644319833723,6.793240382988663,7.313859943550101,11.678995458326394,11.641680477363039,11.569501042101406,11.527559370208015,11.43283144738372,11.37014277981256,11.26144503369788,11.180087215234876,11.065962224564833,10.957920336498036,10.856125493465997,10.722175944049903,10.580352128991965,10.418365906909555,10.275165397419347,10.093275370082045,9.918498348666796,9.726069073554775,9.532239031715683,9.266101663002232,9.043395438206336,8.732162708926154,8.401040236874588,8.0165998914968,7.382763339242341,6.860344492071173,6.318372030995966,5.925707635781546,5.5545535344489165,5.220717743655688,4.9239520434747215,4.644120412002027,4.451972359955436,4.225100167406942,4.024852783154197,3.8602463594612915,3.7286366932724846,3.590904886439517,3.470243175750268,3.3117675897977246,3.1950348344955715,3.0830282805660842,2.998799260695431,2.931589454493287,2.8483283460187576,2.772415709648207,2.6985841618823776,2.6261964547670793,2.5399365745068123,2.4850227478006865,2.457813096296421,2.385001817526028,2.343268888927821,2.2882844676139,2.250898754286405,2.2173429543100243,2.155999066839936,2.1229968756126674,2.06851554200141,2.0297862020963757,2.0240698200959777,1.985865122552699,1.9413746542687564,1.907581540598732,1.900215811260892,1.8792198635658335,1.8397524165460548,1.827281138679483,1.7872891777562856,1.7672233142684939,1.7634137023380274,1.7607972404741385,1.737552339704247,1.6967773158285842,1.679314942873504,1.664951330731735,1.6573249980617193,1.6420924261212533,1.6417663792674857,1.620958705227827,1.5982368260131552,1.614824295260109,1.562158812257412,1.5783937246486746,1.5712316538302074,1.5627769115153078,1.5547694148871056,1.5325891545547645,1.551042691535871,1.522202761529255,1.5102428585864345,1.5327279991209195,1.5424526832765983,1.5044115610752824,1.495090213516613,1.5039647048868443,1.4818959377872307,1.5204717696263013,1.5072874469466135,1.4955877576336285,1.4816176100361371,1.5039736574502318,1.4847200930614293,1.4905419187364832,1.4718775639815305,1.5011596334529147,1.5142446383604764,1.4987573993007721,1.4921867922620555,1.5114676935183378,1.5067657857677015,1.492236028207812,1.5076503847801055,1.5272106882823995,1.528799132224838,1.5287452287075127,1.546957801066388,1.5388329572920307,1.5512396399895616,1.5574964828530082,1.572304109029877,1.5830611961689782,1.5832337754855204,1.5869054729602239,1.5999928422275145,1.622516782710801,1.6041621230338847,1.6436975596551209,1.6615873395349932,1.6565748136328455,1.6774702431994801,1.6947178216669205,1.7136689798596707,1.7310173009450374,1.743638909381985,1.7675301536519274,1.7870778814961727,1.8050113994873367,1.822271645507313,1.8524985561052159,1.8915179102348636,1.9085579276493025,1.931314456862122,1.9735558441557068,1.983851276891847,2.024117669311684,2.046769342887931,2.0677016349819417,2.1048997518372357,2.1629954850094975,2.2050066922062594,2.2292475333426953,2.3057188924482888,2.3291399447300223,2.396630364521445,2.435786485856703,2.4870792019320414,2.5540181931498815,2.632764340206316,2.68763882830184,2.7489348143231465,2.832138903583532,2.9198694227265833,3.0099846709635263,3.1198541570284752,3.198298303535458,3.3424974551047297,3.481847010009181,3.597862024753246,3.717544172670207,3.8878182471740574,4.043215845634463,4.253790784329825,4.473068466596002,4.703026028054457,4.967739705154026,5.257266394968215,5.588994820513333,5.932545320607191,6.419086574240877,6.858239337304145,7.507327453724404,8.27516756226547,9.055785329807055,9.594052919017344,9.971502890663926,10.33083023769449,10.567373234358735,10.857320046972843,11.066812799407515,11.29157872293727
9.9,0.0,2.0,11.672438594222033,11.879231058184107,2.5312999548348167,2.5307285125814363,2.5309283888193836,2.5318998882215453,2.5336444924748895,2.536164865799032,2.5394648648878206,12.853594092783522,12.915585670852863,13.002589795466939,13.074135581047337,8.415670535862999,7.791793420582367,7.205856647571147,6.748947367164369,6.287647099921919,5.967857445122011,5.643204730431365,5.28327790261598,5.066534867012201,4.817922721417454,4.6126953453226145,4.417095962169147,4.255408050889907,4.0923972789548255,3.938417122194414,3.8156644045379946,3.667822369526956,3.5528847131537256,3.4374460633295723,3.3375814022737864,3.264438745042113,3.1498235404708375,3.0772386084315984,2.976360480384839,2.9325181859403906,2.8447398324588744,2.78098998703373,2.738202148441978,2.67877554184948,2.635023026106707,2.5415251370281777,2.533743732412007,2.4502888698805325,2.4278395986317967,2.38522291142106,2.3388862308815623,2.2902913989980993,2.282962263146036,2.250534233643894,2.2030256338440153,2.1852378317898555,2.1547024194458664,2.127496250775666,2.0798498163231107,2.0573424460389167,2.0282702913119826,2.0280219161799655,1.9868364778140366,1.9732566607113264,1.9804724890752627,1.9312049875359831,1.9132484973927757,1.9087504923933973,1.8753946191336495,1.866519565173364,1.8544607028206934,1.8515296728860595,1.8329205855350947,1.8216970274585638,1.7958947918260408,1.8019068904622582,1.771592798200575,1.771238998902788,1.7705448144175981,1.7489072149191194,1.757642924660791,1.7439286014420925,1.7293989624093387,1.719214257191451,1.7250837094330331,1.7231802956113174,1.7333948476914247,1.7163839386460409,1.7368050093351133,1.7279685279123214,1.6991428132155115,1.7118422796865669,1.692838015756676,1.7019616283020151,1.7297478935218555,1.7043103581159205,1.6954319251998238,1.6939493336836033,1.7096608979603782,1.7137176727947598,1.7374224412377244,1.7138892192532984,1.70738164612916,1.7085359406589924,1.7313575918829147,1.7249944929686987,1.7488873967412193,1.7700562040783372,1.757876960322717,1.756656308687118,1.7819411775245249,1.792094053187406,1.793072927050526,1.8064241523526139,1.8252291734656039,1.8269565426152337,1.847213009248481,1.8472777959817714,1.8790141195235195,1.880532345590469,1.9036049127659227,1.9382046421809402,1.9380174007901747,1.9437435018471556,1.9784760053229764,1.9898711869218464,2.0067270299720987,2.03336233681859,2.0488399298854834,2.1055820185247796,2.1362085060292837,2.1364337675015843,2.1774714970287676,2.206526943939391,2.2288671847884878,2.2785805399905086,2.3019244995086074,2.3706418592305027,2.3863280154975453,2.452701766008154,2.4830544108966954,2.5138898895807222,2.549283512121366,2.6290729300432085,2.6852155901022328,2.742968949906356,2.792571754043684,2.8836817633860616,2.9345927219938437,3.0069401270094454,3.090876359661463,3.1445414705437185,3.2522055326473307,3.347798367223318,3.4624010300539796,3.588754446897841,3.675104103428164,3.8022538579675214,3.947393521837164,4.095616703277699,4.268579265753875,4.42904183782528,4.655236481376466,4.862467052645867,5.122018912557606,5.362008632062228,5.688699151637399,5.980817710440773,6.380396696955728,6.773484667182315,7.3086771313319465,11.443020797073006,11.411690610359436,11.361110404087876,11.305685535776894,11.227552021724158,11.169974704078134,11.069820597341138,10.973229378088348,10.878995941842291,10.753549355489044,10.645058975462451,10.488202430090874,10.38596991155287,10.238872367803545,10.09642802477634,9.891575765714443,9.762918417391841,9.542911264916748,9.311147306015672,9.105414460154888,8.824496156573675,8.57413883284943,8.279421894133085,7.941438570020367,7.42359802906062,6.874299678765424,6.3455318449984155,5.862971366785126,5.550295025459612,5.224551281036431,4.939247973011097,4.663127940098624,4.463271644870407,4.251525573364847,4.082425231518417,3.871583377947029,3.7204741409133653,3.575123600930543,3.452939105397118,3.3361446142653293,3.2102116825263236,3.1246880942505824,3.0165085726489425,2.9385783906176797,2.868256351700501,2.769172179564181,2.713656405122582,2.6140212394951967,2.582761712944032,2.5095177541913256,2.4348313728863573,2.3939903790946904,2.329289902369794,2.30409361316798,2.241154119805209,2.2138026563007966,2.155681458846743,2.133032254325478,2.083841289966075,2.0558423275172193,2.030565141275703,1.9889171348135637,1.9562351992456728,1.925679317836198,1.9047853980806746,1.8775111328701597,1.8698467475775657,1.8324328592509251,1.7988686169842756,1.792879014960818,1.7445351203265806,1.72821338169594,1.7353528777562426,1.7046183282237126,1.7174040441953982,1.680993711583038,1.6610885617236741,1.6639535428047516,1.6254350938809774,1.6189103791676491,1.614394596382615,1.5887200980607405,1.6057035636208712,1.5783855068477253,1.5635895270676838,1.5613738939454838,1.5555150227410663,1.5394354968680888,1.5549590054193514,1.5315988695294747,1.5170593675970576,1.5088442974441987,1.525038294371309,1.5118049792648598,1.5418178846003805,1.4929012233895806,1.4918782851679868,1.5035884529079153,1.5141669064013357,1.4833075582547066,1.491941510049881,1.473668889504723,1.4927543869103457,1.5132135288163158,1.5115265186969826,1.5083381352470941,1.4996164210767233,1.502083999306175,1.5014546691184623,1.4957192145865654,1.4959023651203747,1.5111815233443604,1.5248465698899911,1.5201584698921076,1.49896617388306,1.5326621758198153,1.5508280103754069,1.539298052333156,1.5716963671289756,1.5604425484788549,1.5665586563097469,1.5778303299098733,1.5863853145011855,1.6105594813750306,1.5967438246484509,1.6164556208024283,1.649724781541537,1.6404499790479752,1.6568457729330288,1.6779539147056484,1.7015223750026656,1.7072442101166676,1.7162779924914582,1.757306643316546,1.7525539317828047,1.7744069525218145,1.8177882911206023,1.8226482970427635,1.8272523292398304,1.8576682978945418,1.8835239716278074,1.9301250426214958,1.9554348978698297,1.9771352347014302,1.9866076934136971,2.010998183632048,2.0699852855543837,2.0820476251015414,2.1522880956802704,2.154212767025171,2.207178603857439,2.262163956084062,2.3085989886966067,2.3623621055073682,2.407749154172584,2.4714305576336932,2.521614030982796,2.58174058226787,2.630739317579171,2.70911089891769,2.7822250998252915,2.887246094162783,2.9784261429658305,3.0332605399277783,3.1207204806419675,3.227245110026926,3.3597131573681036,3.458765279595543,3.6100060221082155,3.760906543001258,3.8915761163866933,4.107189222926454,4.243620925606984,4.490436112909296,4.696315159649443,5.000384021217903,5.310822294896937,5.626540497808217,6.04020471024687,6.41561768425643,7.000562030872622,7.519007707524847,8.320119962568452,9.079514161571089,9.713133699809925,10.19908560514204,10.50627669320108,10.825214602803777,11.042277635962467,11.297548266562805,11.505332982177231
10.0,0.003236189008742351,2.0,11.9080794362279,12.092994529739968,2.6109205475595116,2.610338791682001,2.610552615808383,2.6115623458730255,2.6133695218842905,2.615976903660397,2.619388481127974,13.047443886081247,13.145218370013461,13.195526930550992,9.222437104746362,8.491210093101193,7.780724764844817,7.183949565730483,6.733218222812692,6.2682715042713415,5.94650761653383,5.606438115490721,5.343145594922326,5.055447685534129,4.858415335462327,4.589767885473254,4.392341608355419,4.236783143076091,4.0563249458121176,3.931839654856857,3.76894071752489,3.693139184227051,3.5306950660617096,3.4496020277107142,3.3462640212071957,3.253589744483228,3.1436925604349835,3.051992834016564,2.9813550721144626,2.923741378829104,2.859473809324548,2.7880216472460857,2.723981457730076,2.6543620287823706,2.6102697448485532,2.5655857519074896,2.5083163953913314,2.4743676007574913,2.4311368594426006,2.3838083720959338,2.364419797593547,2.301083901733578,2.2500466434028885,2.217347873691672,2.1974248505743237,2.181723192127844,2.1317244567877647,2.118878495147526,2.0789716705788663,2.053465378345717,2.0253135531228437,2.023275601290502,1.9751016757598776,1.9635457490326738,1.9406230483846982,1.9450042821017237,1.8987000304370172,1.8904944961334513,1.8701727096147318,1.8486882346481412,1.8565222786428988,1.8266471239443425,1.8101804098975485,1.8218029713976591,1.7883209775501723,1.8078706491098508,1.7894028992732105,1.7781524527269552,1.750771379269243,1.7550950833883878,1.7405196071947542,1.7300867429931266,1.7473150824914006,1.711225995331273,1.7305718344877337,1.712108039984926,1.719890370007566,1.7088470381100767,1.7021276150495401,1.7091270894706734,1.7115299344130952,1.7106237849616552,1.7036120234903052,1.701797189514376,1.696703472852251,1.708793661027486,1.689094564314866,1.691811840431256,1.7085798628073927,1.6964656810597274,1.7296734048806106,1.7223723728834683,1.7167771427808656,1.7280464786204,1.699314734957318,1.743399030665544,1.732004199314263,1.7475679326526472,1.7743951566206355,1.7476039604311884,1.7958942207394022,1.7749088041573742,1.7992242180299252,1.8076252182322055,1.819753068016201,1.8137969676862036,1.8338369506893852,1.8650467681346654,1.8881584492981274,1.8941290372560489,1.8834027047856052,1.9359828493394078,1.95145462666682,1.9586841512905309,1.9972285677449864,1.993444941862271,2.0260586592219325,2.031018805728991,2.042979247785187,2.081985116356913,2.096541164346503,2.1396974866822767,2.1774432711725993,2.188659536713738,2.252645305701462,2.2576553751861206,2.2860010919038567,2.353133755516828,2.3967603967602384,2.416131346523192,2.435942298083363,2.527118099051815,2.5533457228898566,2.6038560822697088,2.6440346682700118,2.723279820360929,2.7705889311234277,2.84955853552275,2.945241848418163,2.9751370491126785,3.1015066597373293,3.159118667088861,3.2546531546659314,3.3560352329324936,3.427751945462374,3.541650267766171,3.672423613608737,3.7939300887847542,3.9359660125047986,4.111137498582308,4.241295998774483,4.439409282233393,4.591673442535401,4.851291972368818,5.070429714964019,5.3387234689579515,5.601059510036774,5.963187840277616,6.3542327564749055,6.7396766196462075,7.266427880173139,11.270393662924196,11.228739245875566,11.14263118205893,11.09778892721108,11.01016570752578,10.953315150976087,10.86904696460787,10.760942356960616,10.646239833984806,10.574163135285609,10.425665927442017,10.320082809579278,10.169783610945833,10.017559939304828,9.888250793088368,9.7229987247627,9.57994326242041,9.35609983460138,9.180893889012784,8.95364745937773,8.771527319036592,8.4423974197744,8.15178713538726,7.899472567331008,7.444012363944777,6.916972489799657,6.37325011277775,5.984485737784144,5.595788034470349,5.275994463800032,4.972432066988985,4.681934615612661,4.472916225410503,4.2350695417072854,4.0816458443833,3.9052819656924322,3.7517680051094446,3.5912926915724506,3.473836291619174,3.33526415839419,3.196298285525814,3.136268966245699,3.027863039142283,2.943905152469169,2.8549583314804723,2.7912310697939144,2.6981320745539645,2.630550670353947,2.568716001644461,2.49869341720355,2.4597680159069557,2.406170773797605,2.3446874976724423,2.303106338642447,2.263181481050558,2.222090714744841,2.1860263996503524,2.132144289205962,2.0980075236376354,2.0573220528575855,2.0247213802721986,1.984436522969189,1.9481846811675712,1.940299617300421,1.9138630118728144,1.8860913550606668,1.850951182275933,1.8411132300130122,1.8084941967532442,1.7996042322183368,1.7869254471254372,1.7558892028510296,1.7328944059157458,1.731271083423814,1.7128789591636706,1.6798014650634605,1.6788336054189683,1.6469223264760924,1.6351794480213224,1.6583055785195178,1.6234959145433228,1.62565259020699,1.600148259562512,1.5820494702101682,1.579214021269383,1.5764635425887294,1.5471294417561188,1.549959146694254,1.5425593552713535,1.5564040020900891,1.547300712856935,1.5241172706678896,1.5125811311392006,1.5220176741214417,1.5269984957924534,1.5076665627641541,1.5139731914288779,1.4991688548205635,1.482452925721063,1.5144377350666678,1.5050667796875834,1.5126153691943554,1.4943714853680417,1.5005012860187763,1.4933264300107876,1.4979460400874114,1.495069836950582,1.5046708909829125,1.512873046473898,1.5095806301311967,1.5249495072035917,1.526852066798154,1.5085566730846496,1.5185386109473098,1.554335004078859,1.5438485469378285,1.5343231482152304,1.5406391587057864,1.5591313209161746,1.590091305232766,1.5832958061992055,1.5778619785519779,1.5961180905154855,1.5975257630787436,1.6281514302578164,1.602886905520276,1.6324243518696004,1.6388740195914333,1.6708603608578576,1.6910017764984888,1.7073122826691418,1.7020057232022567,1.7098335965968812,1.7374668552556543,1.7692191060012352,1.7880857702620396,1.7862374033167039,1.8121563324303092,1.8205778760142481,1.8391715872320678,1.8826069923310729,1.917792280559291,1.934191277720366,1.9758564353736967,2.009653625858153,2.0395135657335794,2.0691828025488497,2.1062958145895623,2.137278844954818,2.169780337689055,2.23297999651511,2.2627357251779032,2.2858386403946995,2.3491152751797717,2.398385644851171,2.4533455429395756,2.5184817738511613,2.5707538614759144,2.6279658543539774,2.7183667904486417,2.7776804863863727,2.8718565579354576,2.937698678593926,3.027986148752562,3.1441483015054903,3.2388744495189137,3.3685369096746927,3.4882821801124093,3.623015387120428,3.771992463262985,3.928725880196799,4.0819738926640845,4.279648618566741,4.510966457188119,4.720764484611922,4.990866174091354,5.271154671189923,5.645143215025933,5.98792965970909,6.459731842726027,6.915764816780359,7.544391367172038,8.343061050692473,9.125071356559143,9.875225832034038,10.28593837509146,10.641495411610672,10.930861754495199,11.219876999105585,11.432596832407327,11.70085797495988
